地域階層,地域コード,東京都26町丁目コード,区市町村名称,町・大字名,丁目・字名,地域名称,50各種商品卸売業／事業所数（事業所）,50各種商品卸売業／従業者数（人）,5011各種商品卸売業（従業者が常時100人以上のもの）／事業所数（事業所）,5011各種商品卸売業（従業者が常時100人以上のもの）／従業者数（人）,5019その他の各種商品卸売業／事業所数（事業所）,5019その他の各種商品卸売業／従業者数（人）,51繊維・衣服等卸売業／事業所数（事業所）,51繊維・衣服等卸売業／従業者数（人）,511繊維品卸売業（衣服，身の回り品を除く）／事業所数（事業所）,511繊維品卸売業（衣服，身の回り品を除く）／従業者数（人）,5111繊維原料卸売業／事業所数（事業所）,5111繊維原料卸売業／従業者数（人）,5112糸卸売業／事業所数（事業所）,5112糸卸売業／従業者数（人）,5113織物卸売業（室内装飾繊維品を除く）／事業所数（事業所）,5113織物卸売業（室内装飾繊維品を除く）／従業者数（人）,512衣服卸売業／事業所数（事業所）,512衣服卸売業／従業者数（人）,5121男子服卸売業／事業所数（事業所）,5121男子服卸売業／従業者数（人）,5122婦人・子供服卸売業／事業所数（事業所）,5122婦人・子供服卸売業／従業者数（人）,5123下着類卸売業／事業所数（事業所）,5123下着類卸売業／従業者数（人）,5129その他の衣服卸売業／事業所数（事業所）,5129その他の衣服卸売業／従業者数（人）,513身の回り品卸売業／事業所数（事業所）,513身の回り品卸売業／従業者数（人）,5131寝具類卸売業／事業所数（事業所）,5131寝具類卸売業／従業者数（人）,5132靴・履物卸売業／事業所数（事業所）,5132靴・履物卸売業／従業者数（人）,5133かばん・袋物卸売業／事業所数（事業所）,5133かばん・袋物卸売業／従業者数（人）,5139その他の身の回り品卸売業／事業所数（事業所）,5139その他の身の回り品卸売業／従業者数（人）,52飲食料品卸売業／事業所数（事業所）,52飲食料品卸売業／従業者数（人）,521農畜産物・水産物卸売業／事業所数（事業所）,521農畜産物・水産物卸売業／従業者数（人）,5211米麦卸売業／事業所数（事業所）,5211米麦卸売業／従業者数（人）,5212雑穀・豆類卸売業／事業所数（事業所）,5212雑穀・豆類卸売業／従業者数（人）,5213野菜卸売業／事業所数（事業所）,5213野菜卸売業／従業者数（人）,5214果実卸売業／事業所数（事業所）,5214果実卸売業／従業者数（人）,5215食肉卸売業／事業所数（事業所）,5215食肉卸売業／従業者数（人）,5216生鮮魚介卸売業／事業所数（事業所）,5216生鮮魚介卸売業／従業者数（人）,5219その他の農畜産物・水産物卸売業／事業所数（事業所）,5219その他の農畜産物・水産物卸売業／従業者数（人）,522食料・飲料卸売業／事業所数（事業所）,522食料・飲料卸売業／従業者数（人）,5221砂糖・味そ・しょう油卸売業／事業所数（事業所）,5221砂糖・味そ・しょう油卸売業／従業者数（人）,5222酒類卸売業／事業所数（事業所）,5222酒類卸売業／従業者数（人）,5223乾物卸売業／事業所数（事業所）,5223乾物卸売業／従業者数（人）,5224菓子・パン類卸売業／事業所数（事業所）,5224菓子・パン類卸売業／従業者数（人）,5225飲料卸売業（別掲を除く）／事業所数（事業所）,5225飲料卸売業（別掲を除く）／従業者数（人）,5226茶類卸売業／事業所数（事業所）,5226茶類卸売業／従業者数（人）,5227牛乳・乳製品卸売業／事業所数（事業所）,5227牛乳・乳製品卸売業／従業者数（人）,5229その他の食料・飲料卸売業／事業所数（事業所）,5229その他の食料・飲料卸売業／従業者数（人）,53建築材料，鉱物・金属材料等卸売業／事業所数（事業所）,53建築材料，鉱物・金属材料等卸売業／従業者数（人）,531建築材料卸売業／事業所数（事業所）,531建築材料卸売業／従業者数（人）,5311木材・竹材卸売業／事業所数（事業所）,5311木材・竹材卸売業／従業者数（人）,5312セメント卸売業／事業所数（事業所）,5312セメント卸売業／従業者数（人）,5313板ガラス卸売業／事業所数（事業所）,5313板ガラス卸売業／従業者数（人）,5314建築用金属製品卸売業（建築用金物を除く）／事業所数（事業所）,5314建築用金属製品卸売業（建築用金物を除く）／従業者数（人）,5319その他の建築材料卸売業／事業所数（事業所）,5319その他の建築材料卸売業／従業者数（人）,532化学製品卸売業／事業所数（事業所）,532化学製品卸売業／従業者数（人）,5321塗料卸売業／事業所数（事業所）,5321塗料卸売業／従業者数（人）,5322プラスチック卸売業／事業所数（事業所）,5322プラスチック卸売業／従業者数（人）,5329その他の化学製品卸売業／事業所数（事業所）,5329その他の化学製品卸売業／従業者数（人）,533石油・鉱物卸売業／事業所数（事業所）,533石油・鉱物卸売業／従業者数（人）,5331石油卸売業／事業所数（事業所）,5331石油卸売業／従業者数（人）,5332鉱物卸売業（石油を除く）／事業所数（事業所）,5332鉱物卸売業（石油を除く）／従業者数（人）,534鉄鋼製品卸売業／事業所数（事業所）,534鉄鋼製品卸売業／従業者数（人）,5341鉄鋼粗製品卸売業／事業所数（事業所）,5341鉄鋼粗製品卸売業／従業者数（人）,5342鉄鋼一次製品卸売業／事業所数（事業所）,5342鉄鋼一次製品卸売業／従業者数（人）,5349その他の鉄鋼製品卸売業／事業所数（事業所）,5349その他の鉄鋼製品卸売業／従業者数（人）,535非鉄金属卸売業／事業所数（事業所）,535非鉄金属卸売業／従業者数（人）,5351非鉄金属地金卸売業／事業所数（事業所）,5351非鉄金属地金卸売業／従業者数（人）,5352非鉄金属製品卸売業／事業所数（事業所）,5352非鉄金属製品卸売業／従業者数（人）,536再生資源卸売業／事業所数（事業所）,536再生資源卸売業／従業者数（人）,5361空瓶・空缶等空容器卸売業／事業所数（事業所）,5361空瓶・空缶等空容器卸売業／従業者数（人）,5362鉄スクラップ卸売業／事業所数（事業所）,5362鉄スクラップ卸売業／従業者数（人）,5363非鉄金属スクラップ卸売業／事業所数（事業所）,5363非鉄金属スクラップ卸売業／従業者数（人）,5364古紙卸売業／事業所数（事業所）,5364古紙卸売業／従業者数（人）,5369その他の再生資源卸売業／事業所数（事業所）,5369その他の再生資源卸売業／従業者数（人）,54機械器具卸売業／事業所数（事業所）,54機械器具卸売業／従業者数（人）,541産業機械器具卸売業／事業所数（事業所）,541産業機械器具卸売業／従業者数（人）,5411農業用機械器具卸売業／事業所数（事業所）,5411農業用機械器具卸売業／従業者数（人）,5412建設機械・鉱山機械卸売業／事業所数（事業所）,5412建設機械・鉱山機械卸売業／従業者数（人）,5413金属加工機械卸売業／事業所数（事業所）,5413金属加工機械卸売業／従業者数（人）,5414事務用機械器具卸売業／事業所数（事業所）,5414事務用機械器具卸売業／従業者数（人）,5419その他の産業機械器具卸売業／事業所数（事業所）,5419その他の産業機械器具卸売業／従業者数（人）,542自動車卸売業／事業所数（事業所）,542自動車卸売業／従業者数（人）,5421自動車卸売業（二輪自動車を含む）／事業所数（事業所）,5421自動車卸売業（二輪自動車を含む）／従業者数（人）,5422自動車部分品・附属品卸売業（中古品を除く）／事業所数（事業所）,5422自動車部分品・附属品卸売業（中古品を除く）／従業者数（人）,5423自動車中古部品卸売業／事業所数（事業所）,5423自動車中古部品卸売業／従業者数（人）,543電気機械器具卸売業／事業所数（事業所）,543電気機械器具卸売業／従業者数（人）,5431家庭用電気機械器具卸売業／事業所数（事業所）,5431家庭用電気機械器具卸売業／従業者数（人）,5432電気機械器具卸売業（家庭用電気機械器具を除く）／事業所数（事業所）,5432電気機械器具卸売業（家庭用電気機械器具を除く）／従業者数（人）,549その他の機械器具卸売業／事業所数（事業所）,549その他の機械器具卸売業／従業者数（人）,5491輸送用機械器具卸売業（自動車を除く）／事業所数（事業所）,5491輸送用機械器具卸売業（自動車を除く）／従業者数（人）,5492計量器・理化学機械器具・光学機械器具等卸売業／事業所数（事業所）,5492計量器・理化学機械器具・光学機械器具等卸売業／従業者数（人）,5493医療用機械器具卸売業（歯科用機械器具を含む）／事業所数（事業所）,5493医療用機械器具卸売業（歯科用機械器具を含む）／従業者数（人）,55その他の卸売業／事業所数（事業所）,55その他の卸売業／従業者数（人）,551家具・建具・じゅう器等卸売業／事業所数（事業所）,551家具・建具・じゅう器等卸売業／従業者数（人）,5511家具・建具卸売業／事業所数（事業所）,5511家具・建具卸売業／従業者数（人）,5512荒物卸売業／事業所数（事業所）,5512荒物卸売業／従業者数（人）,5513畳卸売業／事業所数（事業所）,5513畳卸売業／従業者数（人）,5514室内装飾繊維品卸売業／事業所数（事業所）,5514室内装飾繊維品卸売業／従業者数（人）,5515陶磁器・ガラス器卸売業／事業所数（事業所）,5515陶磁器・ガラス器卸売業／従業者数（人）,5519その他のじゅう器卸売業／事業所数（事業所）,5519その他のじゅう器卸売業／従業者数（人）,552医薬品・化粧品等卸売業／事業所数（事業所）,552医薬品・化粧品等卸売業／従業者数（人）,5521医薬品卸売業／事業所数（事業所）,5521医薬品卸売業／従業者数（人）,5522医療用品卸売業／事業所数（事業所）,5522医療用品卸売業／従業者数（人）,5523化粧品卸売業／事業所数（事業所）,5523化粧品卸売業／従業者数（人）,5524合成洗剤卸売業／事業所数（事業所）,5524合成洗剤卸売業／従業者数（人）,553紙・紙製品卸売業／事業所数（事業所）,553紙・紙製品卸売業／従業者数（人）,5531紙卸売業／事業所数（事業所）,5531紙卸売業／従業者数（人）,5532紙製品卸売業／事業所数（事業所）,5532紙製品卸売業／従業者数（人）,559他に分類されない卸売業／事業所数（事業所）,559他に分類されない卸売業／従業者数（人）,5591金物卸売業／事業所数（事業所）,5591金物卸売業／従業者数（人）,5592肥料・飼料卸売業／事業所数（事業所）,5592肥料・飼料卸売業／従業者数（人）,5593スポーツ用品卸売業／事業所数（事業所）,5593スポーツ用品卸売業／従業者数（人）,5594娯楽用品・がん具卸売業／事業所数（事業所）,5594娯楽用品・がん具卸売業／従業者数（人）,5595たばこ卸売業／事業所数（事業所）,5595たばこ卸売業／従業者数（人）,5596ジュエリー製品卸売業／事業所数（事業所）,5596ジュエリー製品卸売業／従業者数（人）,5597書籍・雑誌卸売業／事業所数（事業所）,5597書籍・雑誌卸売業／従業者数（人）,5598代理商，仲立業／事業所数（事業所）,5598代理商，仲立業／従業者数（人）,5599他に分類されないその他の卸売業／事業所数（事業所）,5599他に分類されないその他の卸売業／従業者数（人）,56各種商品小売業／事業所数（事業所）,56各種商品小売業／従業者数（人）,561百貨店，総合スーパー／事業所数（事業所）,561百貨店，総合スーパー／従業者数（人）,569その他の各種商品小売業（従業者が常時50人未満のもの）／事業所数（事業所）,569その他の各種商品小売業（従業者が常時50人未満のもの）／従業者数（人）,57織物・衣服・身の回り品小売業／事業所数（事業所）,57織物・衣服・身の回り品小売業／従業者数（人）,571呉服・服地・寝具小売業／事業所数（事業所）,571呉服・服地・寝具小売業／従業者数（人）,5711呉服・服地小売業／事業所数（事業所）,5711呉服・服地小売業／従業者数（人）,5712寝具小売業／事業所数（事業所）,5712寝具小売業／従業者数（人）,572男子服小売業／事業所数（事業所）,572男子服小売業／従業者数（人）,573婦人・子供服小売業／事業所数（事業所）,573婦人・子供服小売業／従業者数（人）,5731婦人服小売業／事業所数（事業所）,5731婦人服小売業／従業者数（人）,5732子供服小売業／事業所数（事業所）,5732子供服小売業／従業者数（人）,574靴・履物小売業／事業所数（事業所）,574靴・履物小売業／従業者数（人）,5741靴小売業／事業所数（事業所）,5741靴小売業／従業者数（人）,5742履物小売業（靴を除く）／事業所数（事業所）,5742履物小売業（靴を除く）／従業者数（人）,579その他の織物・衣服・身の回り品小売業／事業所数（事業所）,579その他の織物・衣服・身の回り品小売業／従業者数（人）,5791かばん・袋物小売業／事業所数（事業所）,5791かばん・袋物小売業／従業者数（人）,5792下着類小売業／事業所数（事業所）,5792下着類小売業／従業者数（人）,5793洋品雑貨・小間物小売業／事業所数（事業所）,5793洋品雑貨・小間物小売業／従業者数（人）,5799他に分類されない織物・衣服・身の回り品小売業／事業所数（事業所）,5799他に分類されない織物・衣服・身の回り品小売業／従業者数（人）,58飲食料品小売業／事業所数（事業所）,58飲食料品小売業／従業者数（人）,581各種食料品小売業／事業所数（事業所）,581各種食料品小売業／従業者数（人）,582野菜・果実小売業／事業所数（事業所）,582野菜・果実小売業／従業者数（人）,5821野菜小売業／事業所数（事業所）,5821野菜小売業／従業者数（人）,5822果実小売業／事業所数（事業所）,5822果実小売業／従業者数（人）,583食肉小売業／事業所数（事業所）,583食肉小売業／従業者数（人）,5831食肉小売業（卵，鳥肉を除く）／事業所数（事業所）,5831食肉小売業（卵，鳥肉を除く）／従業者数（人）,5832卵・鳥肉小売業／事業所数（事業所）,5832卵・鳥肉小売業／従業者数（人）,584鮮魚小売業／事業所数（事業所）,584鮮魚小売業／従業者数（人）,585酒小売業／事業所数（事業所）,585酒小売業／従業者数（人）,586菓子・パン小売業／事業所数（事業所）,586菓子・パン小売業／従業者数（人）,5861菓子小売業（製造小売）／事業所数（事業所）,5861菓子小売業（製造小売）／従業者数（人）,5862菓子小売業（製造小売でないもの）／事業所数（事業所）,5862菓子小売業（製造小売でないもの）／従業者数（人）,5863パン小売業（製造小売）／事業所数（事業所）,5863パン小売業（製造小売）／従業者数（人）,5864パン小売業（製造小売でないもの）／事業所数（事業所）,5864パン小売業（製造小売でないもの）／従業者数（人）,589その他の飲食料品小売業／事業所数（事業所）,589その他の飲食料品小売業／従業者数（人）,5891コンビニエンスストア（飲食料品を中心とするものに限る）／事業所数（事業所）,5891コンビニエンスストア（飲食料品を中心とするものに限る）／従業者数（人）,5892牛乳小売業／事業所数（事業所）,5892牛乳小売業／従業者数（人）,5893飲料小売業（別掲を除く）／事業所数（事業所）,5893飲料小売業（別掲を除く）／従業者数（人）,5894茶類小売業／事業所数（事業所）,5894茶類小売業／従業者数（人）,5895料理品小売業／事業所数（事業所）,5895料理品小売業／従業者数（人）,5896米穀類小売業／事業所数（事業所）,5896米穀類小売業／従業者数（人）,5897豆腐・かまぼこ等加工食品小売業／事業所数（事業所）,5897豆腐・かまぼこ等加工食品小売業／従業者数（人）,5898乾物小売業／事業所数（事業所）,5898乾物小売業／従業者数（人）,5899他に分類されない飲食料品小売業／事業所数（事業所）,5899他に分類されない飲食料品小売業／従業者数（人）,59機械器具小売業／事業所数（事業所）,59機械器具小売業／従業者数（人）,591自動車小売業／事業所数（事業所）,591自動車小売業／従業者数（人）,5911自動車（新車）小売業／事業所数（事業所）,5911自動車（新車）小売業／従業者数（人）,5912中古自動車小売業／事業所数（事業所）,5912中古自動車小売業／従業者数（人）,5913自動車部分品・附属品小売業／事業所数（事業所）,5913自動車部分品・附属品小売業／従業者数（人）,5914二輪自動車小売業（原動機付自転車を含む）／事業所数（事業所）,5914二輪自動車小売業（原動機付自転車を含む）／従業者数（人）,592自転車小売業／事業所数（事業所）,592自転車小売業／従業者数（人）,593機械器具小売業（自動車，自転車を除く）／事業所数（事業所）,593機械器具小売業（自動車，自転車を除く）／従業者数（人）,5931電気機械器具小売業（中古品を除く）／事業所数（事業所）,5931電気機械器具小売業（中古品を除く）／従業者数（人）,5932電気事務機械器具小売業（中古品を除く）／事業所数（事業所）,5932電気事務機械器具小売業（中古品を除く）／従業者数（人）,5933中古電気製品小売業／事業所数（事業所）,5933中古電気製品小売業／従業者数（人）,5939その他の機械器具小売業／事業所数（事業所）,5939その他の機械器具小売業／従業者数（人）,60その他の小売業／事業所数（事業所）,60その他の小売業／従業者数（人）,601家具・建具・畳小売業／事業所数（事業所）,601家具・建具・畳小売業／従業者数（人）,6011家具小売業／事業所数（事業所）,6011家具小売業／従業者数（人）,6012建具小売業／事業所数（事業所）,6012建具小売業／従業者数（人）,6013畳小売業／事業所数（事業所）,6013畳小売業／従業者数（人）,6014宗教用具小売業／事業所数（事業所）,6014宗教用具小売業／従業者数（人）,602じゅう器小売業／事業所数（事業所）,602じゅう器小売業／従業者数（人）,6021金物小売業／事業所数（事業所）,6021金物小売業／従業者数（人）,6022荒物小売業／事業所数（事業所）,6022荒物小売業／従業者数（人）,6023陶磁器・ガラス器小売業／事業所数（事業所）,6023陶磁器・ガラス器小売業／従業者数（人）,6029他に分類されないじゅう器小売業／事業所数（事業所）,6029他に分類されないじゅう器小売業／従業者数（人）,603医薬品・化粧品小売業／事業所数（事業所）,603医薬品・化粧品小売業／従業者数（人）,6031ドラッグストア／事業所数（事業所）,6031ドラッグストア／従業者数（人）,6032医薬品小売業（調剤薬局を除く）／事業所数（事業所）,6032医薬品小売業（調剤薬局を除く）／従業者数（人）,6033調剤薬局／事業所数（事業所）,6033調剤薬局／従業者数（人）,6034化粧品小売業／事業所数（事業所）,6034化粧品小売業／従業者数（人）,604農耕用品小売業／事業所数（事業所）,604農耕用品小売業／従業者数（人）,6041農業用機械器具小売業／事業所数（事業所）,6041農業用機械器具小売業／従業者数（人）,6042苗・種子小売業／事業所数（事業所）,6042苗・種子小売業／従業者数（人）,6043肥料・飼料小売業／事業所数（事業所）,6043肥料・飼料小売業／従業者数（人）,605燃料小売業／事業所数（事業所）,605燃料小売業／従業者数（人）,6051ガソリンスタンド／事業所数（事業所）,6051ガソリンスタンド／従業者数（人）,6052燃料小売業（ガソリンスタンドを除く）／事業所数（事業所）,6052燃料小売業（ガソリンスタンドを除く）／従業者数（人）,606書籍・文房具小売業／事業所数（事業所）,606書籍・文房具小売業／従業者数（人）,6061書籍・雑誌小売業（古本を除く）／事業所数（事業所）,6061書籍・雑誌小売業（古本を除く）／従業者数（人）,6062古本小売業／事業所数（事業所）,6062古本小売業／従業者数（人）,6063新聞小売業／事業所数（事業所）,6063新聞小売業／従業者数（人）,6064紙・文房具小売業／事業所数（事業所）,6064紙・文房具小売業／従業者数（人）,607スポーツ用品・がん具・娯楽用品・楽器小売業／事業所数（事業所）,607スポーツ用品・がん具・娯楽用品・楽器小売業／従業者数（人）,6071スポーツ用品小売業／事業所数（事業所）,6071スポーツ用品小売業／従業者数（人）,6072がん具・娯楽用品小売業／事業所数（事業所）,6072がん具・娯楽用品小売業／従業者数（人）,6073楽器小売業／事業所数（事業所）,6073楽器小売業／従業者数（人）,608写真機・時計・眼鏡小売業／事業所数（事業所）,608写真機・時計・眼鏡小売業／従業者数（人）,6081写真機・写真材料小売業／事業所数（事業所）,6081写真機・写真材料小売業／従業者数（人）,6082時計・眼鏡・光学機械小売業／事業所数（事業所）,6082時計・眼鏡・光学機械小売業／従業者数（人）,609他に分類されない小売業／事業所数（事業所）,609他に分類されない小売業／従業者数（人）,6091ホームセンター／事業所数（事業所）,6091ホームセンター／従業者数（人）,6092たばこ・喫煙具専門小売業／事業所数（事業所）,6092たばこ・喫煙具専門小売業／従業者数（人）,6093花・植木小売業／事業所数（事業所）,6093花・植木小売業／従業者数（人）,6094建築材料小売業／事業所数（事業所）,6094建築材料小売業／従業者数（人）,6095ジュエリー製品小売業／事業所数（事業所）,6095ジュエリー製品小売業／従業者数（人）,6096ペット・ペット用品小売業／事業所数（事業所）,6096ペット・ペット用品小売業／従業者数（人）,6097骨とう品小売業／事業所数（事業所）,6097骨とう品小売業／従業者数（人）,6098中古品小売業（骨とう品を除く）／事業所数（事業所）,6098中古品小売業（骨とう品を除く）／従業者数（人）,6099他に分類されないその他の小売業／事業所数（事業所）,6099他に分類されないその他の小売業／従業者数（人）,61無店舗小売業／事業所数（事業所）,61無店舗小売業／従業者数（人）,611通信販売・訪問販売小売業／事業所数（事業所）,611通信販売・訪問販売小売業／従業者数（人）,6111無店舗小売業（各種商品小売）／事業所数（事業所）,6111無店舗小売業（各種商品小売）／従業者数（人）,6112無店舗小売業（織物・衣服・身の回り品小売）／事業所数（事業所）,6112無店舗小売業（織物・衣服・身の回り品小売）／従業者数（人）,6113無店舗小売業（飲食料品小売）／事業所数（事業所）,6113無店舗小売業（飲食料品小売）／従業者数（人）,6114無店舗小売業（機械器具小売）／事業所数（事業所）,6114無店舗小売業（機械器具小売）／従業者数（人）,6119無店舗小売業（その他の小売）／事業所数（事業所）,6119無店舗小売業（その他の小売）／従業者数（人）,612自動販売機による小売業／事業所数（事業所）,612自動販売機による小売業／従業者数（人）,619その他の無店舗小売業／事業所数（事業所）,619その他の無店舗小売業／従業者数（人）
4,13202,1320200000,立川市,,,立川市,1,8,-,-,1,8,8,70,-,-,-,-,-,-,-,-,5,50,-,-,4,47,-,-,1,3,3,20,-,-,1,4,-,-,2,16,52,656,17,198,2,34,-,-,4,28,-,-,6,60,3,45,2,31,35,458,1,3,5,53,2,9,4,81,3,34,-,-,3,10,17,268,49,535,33,447,6,46,1,8,2,29,3,23,21,341,7,35,1,3,2,6,4,26,1,9,1,9,-,-,1,2,-,-,-,-,1,2,2,12,1,1,1,11,5,30,-,-,1,14,2,8,2,8,-,-,123,1467,35,459,-,-,1,1,1,3,12,270,21,185,12,81,6,52,6,29,-,-,58,731,10,61,48,670,18,196,1,5,8,70,9,121,75,917,18,216,15,157,-,-,-,-,2,56,-,-,1,3,16,237,8,176,3,23,5,38,-,-,7,44,3,30,4,14,34,420,1,3,-,-,2,148,-,-,1,68,4,15,3,23,2,5,21,158,5,843,2,798,3,45,196,1381,15,71,9,58,6,13,23,169,80,677,75,651,5,26,18,124,17,116,1,8,60,340,13,43,8,37,30,219,9,41,268,3431,18,934,10,73,9,72,1,1,11,104,9,84,2,20,5,110,16,46,59,346,26,104,19,56,12,175,2,11,149,1818,55,1021,7,30,6,36,10,45,26,226,17,43,8,69,-,-,20,348,97,879,41,467,16,326,12,92,4,15,9,34,26,67,30,345,25,310,1,2,1,3,3,30,309,2535,20,186,11,142,-,-,5,10,4,34,14,54,5,14,3,19,4,14,2,7,93,687,14,225,9,24,53,324,17,114,-,-,-,-,-,-,-,-,18,485,10,433,8,52,29,248,8,24,4,19,6,168,11,37,34,161,14,66,11,45,9,50,24,139,-,-,24,139,77,575,4,190,10,18,13,89,3,17,9,42,2,3,1,4,8,88,27,124,29,927,19,147,-,-,-,-,5,29,8,50,6,68,2,37,8,743
5,13202,1320201200,立川市,立川市曙町,,立川市曙町,-,-,-,-,-,-,2,14,-,-,-,-,-,-,-,-,2,14,-,-,2,14,-,-,-,-,-,-,-,-,-,-,-,-,-,-,10,107,2,5,-,-,-,-,1,2,-,-,1,3,-,-,-,-,8,102,-,-,2,22,1,6,1,22,2,30,-,-,-,-,2,22,6,82,6,82,-,-,-,-,1,27,1,15,4,40,-,-,-,-,-,-,-,-,-,-,-,-,-,-,-,-,-,-,-,-,-,-,-,-,-,-,-,-,-,-,-,-,-,-,-,-,-,-,-,-,30,455,7,206,-,-,-,-,-,-,6,201,1,5,-,-,-,-,-,-,-,-,18,196,2,18,16,178,5,53,-,-,3,34,2,19,14,198,4,41,4,41,-,-,-,-,-,-,-,-,-,-,5,134,3,116,2,18,-,-,-,-,1,3,1,3,-,-,4,20,-,-,-,-,-,-,-,-,-,-,1,4,-,-,-,-,3,16,2,756,1,735,1,21,113,945,6,51,5,50,1,1,9,108,49,467,47,455,2,12,10,63,10,63,-,-,39,256,8,26,5,27,19,173,7,30,79,928,2,58,1,38,1,38,-,-,5,72,4,53,1,19,4,108,1,3,28,208,10,47,12,36,4,114,2,11,38,441,12,247,-,-,1,7,3,15,13,133,-,-,3,10,-,-,6,29,8,170,-,-,-,-,-,-,-,-,-,-,1,2,7,168,4,145,-,-,1,3,2,20,70,605,3,71,2,70,-,-,1,1,-,-,3,23,-,-,2,17,1,6,-,-,19,152,3,47,1,2,5,36,10,67,-,-,-,-,-,-,-,-,1,5,1,5,-,-,4,20,1,11,-,-,-,-,3,9,12,85,4,38,5,14,3,33,12,82,-,-,12,82,16,167,1,80,2,5,-,-,-,-,4,16,1,1,1,4,1,14,6,47,1,22,1,22,-,-,-,-,-,-,-,-,1,22,-,-,-,-
6,13202,1320201201,立川市,立川市曙町,1丁目,立川市曙町1丁目,-,-,-,-,-,-,1,11,-,-,-,-,-,-,-,-,1,11,-,-,1,11,-,-,-,-,-,-,-,-,-,-,-,-,-,-,2,14,1,2,-,-,-,-,1,2,-,-,-,-,-,-,-,-,1,12,-,-,-,-,-,-,-,-,-,-,-,-,-,-,1,12,4,72,4,72,-,-,-,-,1,27,1,15,2,30,-,-,-,-,-,-,-,-,-,-,-,-,-,-,-,-,-,-,-,-,-,-,-,-,-,-,-,-,-,-,-,-,-,-,-,-,-,-,-,-,11,91,2,21,-,-,-,-,-,-,1,16,1,5,-,-,-,-,-,-,-,-,8,63,1,7,7,56,1,7,-,-,-,-,1,7,2,40,-,-,-,-,-,-,-,-,-,-,-,-,-,-,2,40,1,23,1,17,-,-,-,-,-,-,-,-,-,-,-,-,-,-,-,-,-,-,-,-,-,-,-,-,-,-,-,-,-,-,-,-,-,-,-,-,2,10,-,-,-,-,-,-,1,7,1,3,1,3,-,-,-,-,-,-,-,-,-,-,-,-,-,-,-,-,-,-,1,25,-,-,-,-,-,-,-,-,-,-,-,-,-,-,-,-,-,-,-,-,-,-,-,-,-,-,-,-,1,25,1,25,-,-,-,-,-,-,-,-,-,-,-,-,-,-,-,-,3,24,-,-,-,-,-,-,-,-,-,-,-,-,3,24,1,4,-,-,-,-,2,20,5,14,-,-,-,-,-,-,-,-,-,-,-,-,-,-,-,-,-,-,-,-,-,-,-,-,-,-,-,-,-,-,-,-,-,-,-,-,-,-,1,5,1,5,-,-,-,-,-,-,-,-,-,-,-,-,2,4,-,-,2,4,-,-,-,-,-,-,-,-,2,5,-,-,2,5,-,-,-,-,-,-,-,-,-,-,-,-,-,-,-,-,-,-,-,-,-,-,-,-,-,-,-,-,-,-,-,-
6,13202,1320201202,立川市,立川市曙町,2丁目,立川市曙町2丁目,-,-,-,-,-,-,1,3,-,-,-,-,-,-,-,-,1,3,-,-,1,3,-,-,-,-,-,-,-,-,-,-,-,-,-,-,8,93,1,3,-,-,-,-,-,-,-,-,1,3,-,-,-,-,7,90,-,-,2,22,1,6,1,22,2,30,-,-,-,-,1,10,2,10,2,10,-,-,-,-,-,-,-,-,2,10,-,-,-,-,-,-,-,-,-,-,-,-,-,-,-,-,-,-,-,-,-,-,-,-,-,-,-,-,-,-,-,-,-,-,-,-,-,-,-,-,18,344,4,165,-,-,-,-,-,-,4,165,-,-,-,-,-,-,-,-,-,-,10,133,1,11,9,122,4,46,-,-,3,34,1,12,11,157,4,41,4,41,-,-,-,-,-,-,-,-,-,-,2,93,2,93,-,-,-,-,-,-,1,3,1,3,-,-,4,20,-,-,-,-,-,-,-,-,-,-,1,4,-,-,-,-,3,16,2,756,1,735,1,21,111,935,6,51,5,50,1,1,8,101,48,464,46,452,2,12,10,63,10,63,-,-,39,256,8,26,5,27,19,173,7,30,78,903,2,58,1,38,1,38,-,-,5,72,4,53,1,19,4,108,1,3,28,208,10,47,12,36,4,114,2,11,37,416,11,222,-,-,1,7,3,15,13,133,-,-,3,10,-,-,6,29,5,146,-,-,-,-,-,-,-,-,-,-,1,2,4,144,3,141,-,-,1,3,-,-,64,590,2,70,2,70,-,-,-,-,-,-,3,23,-,-,2,17,1,6,-,-,19,152,3,47,1,2,5,36,10,67,-,-,-,-,-,-,-,-,-,-,-,-,-,-,4,20,1,11,-,-,-,-,3,9,10,81,4,38,3,10,3,33,12,82,-,-,12,82,14,162,1,80,-,-,-,-,-,-,4,16,1,1,1,4,1,14,6,47,1,22,1,22,-,-,-,-,-,-,-,-,1,22,-,-,-,-
6,13202,1320201203,立川市,立川市曙町,3丁目,立川市曙町3丁目,-,-,-,-,-,-,-,-,-,-,-,-,-,-,-,-,-,-,-,-,-,-,-,-,-,-,-,-,-,-,-,-,-,-,-,-,-,-,-,-,-,-,-,-,-,-,-,-,-,-,-,-,-,-,-,-,-,-,-,-,-,-,-,-,-,-,-,-,-,-,-,-,-,-,-,-,-,-,-,-,-,-,-,-,-,-,-,-,-,-,-,-,-,-,-,-,-,-,-,-,-,-,-,-,-,-,-,-,-,-,-,-,-,-,-,-,-,-,-,-,-,-,-,-,-,-,1,20,1,20,-,-,-,-,-,-,1,20,-,-,-,-,-,-,-,-,-,-,-,-,-,-,-,-,-,-,-,-,-,-,-,-,1,1,-,-,-,-,-,-,-,-,-,-,-,-,-,-,1,1,-,-,1,1,-,-,-,-,-,-,-,-,-,-,-,-,-,-,-,-,-,-,-,-,-,-,-,-,-,-,-,-,-,-,-,-,-,-,-,-,-,-,-,-,-,-,-,-,-,-,-,-,-,-,-,-,-,-,-,-,-,-,-,-,-,-,-,-,-,-,-,-,-,-,-,-,-,-,-,-,-,-,-,-,-,-,-,-,-,-,-,-,-,-,-,-,-,-,-,-,-,-,-,-,-,-,-,-,-,-,-,-,-,-,-,-,-,-,-,-,-,-,-,-,-,-,-,-,-,-,-,-,-,-,-,-,-,-,-,-,-,-,-,-,-,-,1,1,1,1,-,-,-,-,1,1,-,-,-,-,-,-,-,-,-,-,-,-,-,-,-,-,-,-,-,-,-,-,-,-,-,-,-,-,-,-,-,-,-,-,-,-,-,-,-,-,-,-,-,-,-,-,-,-,-,-,-,-,-,-,-,-,-,-,-,-,-,-,-,-,-,-,-,-,-,-,-,-,-,-,-,-,-,-,-,-,-,-,-,-,-,-,-,-,-,-,-,-,-,-,-,-,-,-
5,13202,1320200600,立川市,立川市泉町,,立川市泉町,-,-,-,-,-,-,-,-,-,-,-,-,-,-,-,-,-,-,-,-,-,-,-,-,-,-,-,-,-,-,-,-,-,-,-,-,2,62,1,16,-,-,-,-,-,-,-,-,-,-,1,16,-,-,1,46,-,-,-,-,-,-,-,-,-,-,-,-,-,-,1,46,1,87,1,87,-,-,-,-,-,-,-,-,1,87,-,-,-,-,-,-,-,-,-,-,-,-,-,-,-,-,-,-,-,-,-,-,-,-,-,-,-,-,-,-,-,-,-,-,-,-,-,-,-,-,-,-,-,-,-,-,-,-,-,-,-,-,-,-,-,-,-,-,-,-,-,-,-,-,-,-,-,-,-,-,-,-,-,-,-,-,-,-,-,-,-,-,-,-,-,-,-,-,-,-,-,-,-,-,-,-,-,-,-,-,-,-,-,-,-,-,-,-,-,-,-,-,-,-,-,-,-,-,-,-,-,-,-,-,-,-,-,-,-,-,-,-,-,-,-,-,-,-,-,-,-,-,-,-,-,-,-,-,-,-,-,-,-,-,-,-,-,-,-,-,-,-,-,-,-,-,2,26,-,-,-,-,-,-,-,-,-,-,-,-,-,-,-,-,-,-,-,-,-,-,-,-,-,-,-,-,2,26,1,21,-,-,-,-,-,-,1,5,-,-,-,-,-,-,-,-,7,142,6,114,2,67,3,43,-,-,1,4,-,-,1,28,1,28,-,-,-,-,-,-,-,-,-,-,-,-,-,-,-,-,-,-,-,-,-,-,-,-,-,-,-,-,-,-,-,-,-,-,-,-,-,-,-,-,-,-,-,-,-,-,-,-,-,-,-,-,-,-,-,-,-,-,-,-,-,-,-,-,-,-,-,-,-,-,-,-,-,-,-,-,-,-,-,-,-,-,-,-,-,-,-,-,-,-,-,-,-,-,-,-,1,35,-,-,-,-,-,-,-,-,-,-,-,-,1,35,-,-
5,13202,1320200700,立川市,立川市柏町,,立川市柏町,-,-,-,-,-,-,-,-,-,-,-,-,-,-,-,-,-,-,-,-,-,-,-,-,-,-,-,-,-,-,-,-,-,-,-,-,1,4,-,-,-,-,-,-,-,-,-,-,-,-,-,-,-,-,1,4,-,-,-,-,-,-,-,-,1,4,-,-,-,-,-,-,3,27,2,15,1,2,-,-,-,-,-,-,1,13,1,12,-,-,-,-,1,12,-,-,-,-,-,-,-,-,-,-,-,-,-,-,-,-,-,-,-,-,-,-,-,-,-,-,-,-,-,-,-,-,5,51,1,14,-,-,-,-,-,-,-,-,1,14,1,16,1,16,-,-,-,-,1,7,-,-,1,7,2,14,-,-,1,6,1,8,4,84,3,35,3,35,-,-,-,-,-,-,-,-,-,-,-,-,-,-,-,-,-,-,-,-,-,-,-,-,-,-,1,49,-,-,-,-,1,49,-,-,-,-,-,-,-,-,-,-,-,-,-,-,-,-,-,-,4,11,-,-,-,-,-,-,-,-,2,8,1,2,1,6,1,1,1,1,-,-,1,2,-,-,1,2,-,-,-,-,11,126,-,-,1,2,1,2,-,-,1,2,1,2,-,-,-,-,1,3,2,13,1,8,-,-,1,5,-,-,6,106,4,72,-,-,-,-,-,-,1,2,-,-,-,-,-,-,1,32,4,12,2,8,-,-,1,2,-,-,1,6,1,2,1,2,1,2,-,-,-,-,-,-,17,145,2,27,1,15,-,-,-,-,1,12,1,1,1,1,-,-,-,-,-,-,4,22,-,-,-,-,3,19,1,3,-,-,-,-,-,-,-,-,2,18,1,15,1,3,3,58,1,1,-,-,2,57,-,-,3,10,3,10,-,-,-,-,1,8,-,-,1,8,1,1,-,-,1,1,-,-,-,-,-,-,-,-,-,-,-,-,-,-,2,5,1,3,-,-,-,-,-,-,-,-,1,3,-,-,1,2
6,13202,1320200701,立川市,立川市柏町,1丁目,立川市柏町1丁目,-,-,-,-,-,-,-,-,-,-,-,-,-,-,-,-,-,-,-,-,-,-,-,-,-,-,-,-,-,-,-,-,-,-,-,-,-,-,-,-,-,-,-,-,-,-,-,-,-,-,-,-,-,-,-,-,-,-,-,-,-,-,-,-,-,-,-,-,-,-,-,-,-,-,-,-,-,-,-,-,-,-,-,-,-,-,-,-,-,-,-,-,-,-,-,-,-,-,-,-,-,-,-,-,-,-,-,-,-,-,-,-,-,-,-,-,-,-,-,-,-,-,-,-,-,-,-,-,-,-,-,-,-,-,-,-,-,-,-,-,-,-,-,-,-,-,-,-,-,-,-,-,-,-,-,-,-,-,-,-,-,-,1,18,1,18,1,18,-,-,-,-,-,-,-,-,-,-,-,-,-,-,-,-,-,-,-,-,-,-,-,-,-,-,-,-,-,-,-,-,-,-,-,-,-,-,-,-,-,-,-,-,-,-,-,-,-,-,-,-,-,-,-,-,-,-,-,-,-,-,-,-,-,-,-,-,-,-,-,-,-,-,-,-,-,-,-,-,-,-,-,-,-,-,-,-,-,-,-,-,-,-,-,-,-,-,-,-,-,-,-,-,-,-,-,-,-,-,-,-,-,-,-,-,-,-,-,-,-,-,-,-,-,-,-,-,-,-,-,-,-,-,-,-,-,-,-,-,-,-,-,-,-,-,-,-,-,-,-,-,-,-,-,-,-,-,5,61,1,12,-,-,-,-,-,-,1,12,-,-,-,-,-,-,-,-,-,-,1,3,-,-,-,-,-,-,1,3,-,-,-,-,-,-,-,-,1,15,1,15,-,-,1,23,-,-,-,-,1,23,-,-,-,-,-,-,-,-,-,-,1,8,-,-,1,8,-,-,-,-,-,-,-,-,-,-,-,-,-,-,-,-,-,-,-,-,1,3,1,3,-,-,-,-,-,-,-,-,1,3,-,-,-,-
6,13202,1320200702,立川市,立川市柏町,2丁目,立川市柏町2丁目,-,-,-,-,-,-,-,-,-,-,-,-,-,-,-,-,-,-,-,-,-,-,-,-,-,-,-,-,-,-,-,-,-,-,-,-,-,-,-,-,-,-,-,-,-,-,-,-,-,-,-,-,-,-,-,-,-,-,-,-,-,-,-,-,-,-,-,-,-,-,-,-,1,2,1,2,1,2,-,-,-,-,-,-,-,-,-,-,-,-,-,-,-,-,-,-,-,-,-,-,-,-,-,-,-,-,-,-,-,-,-,-,-,-,-,-,-,-,-,-,-,-,-,-,-,-,3,30,-,-,-,-,-,-,-,-,-,-,-,-,1,16,1,16,-,-,-,-,-,-,-,-,-,-,2,14,-,-,1,6,1,8,2,64,1,15,1,15,-,-,-,-,-,-,-,-,-,-,-,-,-,-,-,-,-,-,-,-,-,-,-,-,-,-,1,49,-,-,-,-,1,49,-,-,-,-,-,-,-,-,-,-,-,-,-,-,-,-,-,-,2,7,-,-,-,-,-,-,-,-,1,6,-,-,1,6,1,1,1,1,-,-,-,-,-,-,-,-,-,-,-,-,2,34,-,-,-,-,-,-,-,-,-,-,-,-,-,-,-,-,-,-,-,-,-,-,-,-,-,-,-,-,2,34,2,34,-,-,-,-,-,-,-,-,-,-,-,-,-,-,-,-,-,-,-,-,-,-,-,-,-,-,-,-,-,-,-,-,-,-,-,-,-,-,-,-,4,14,-,-,-,-,-,-,-,-,-,-,-,-,-,-,-,-,-,-,-,-,1,5,-,-,-,-,1,5,-,-,-,-,-,-,-,-,-,-,-,-,-,-,-,-,1,1,1,1,-,-,-,-,-,-,2,8,2,8,-,-,-,-,-,-,-,-,-,-,-,-,-,-,-,-,-,-,-,-,-,-,-,-,-,-,-,-,-,-,-,-,-,-,-,-,-,-,-,-,-,-,-,-,-,-,-,-
6,13202,1320200703,立川市,立川市柏町,3丁目,立川市柏町3丁目,-,-,-,-,-,-,-,-,-,-,-,-,-,-,-,-,-,-,-,-,-,-,-,-,-,-,-,-,-,-,-,-,-,-,-,-,1,4,-,-,-,-,-,-,-,-,-,-,-,-,-,-,-,-,1,4,-,-,-,-,-,-,-,-,1,4,-,-,-,-,-,-,1,13,1,13,-,-,-,-,-,-,-,-,1,13,-,-,-,-,-,-,-,-,-,-,-,-,-,-,-,-,-,-,-,-,-,-,-,-,-,-,-,-,-,-,-,-,-,-,-,-,-,-,-,-,1,7,-,-,-,-,-,-,-,-,-,-,-,-,-,-,-,-,-,-,-,-,1,7,-,-,1,7,-,-,-,-,-,-,-,-,-,-,-,-,-,-,-,-,-,-,-,-,-,-,-,-,-,-,-,-,-,-,-,-,-,-,-,-,-,-,-,-,-,-,-,-,-,-,-,-,-,-,-,-,-,-,-,-,-,-,-,-,-,-,-,-,-,-,-,-,-,-,-,-,-,-,-,-,-,-,-,-,-,-,-,-,-,-,-,-,-,-,-,-,-,-,-,-,-,-,1,5,-,-,-,-,-,-,-,-,-,-,-,-,-,-,-,-,-,-,1,5,-,-,-,-,1,5,-,-,-,-,-,-,-,-,-,-,-,-,-,-,-,-,-,-,-,-,-,-,2,8,2,8,-,-,1,2,-,-,1,6,-,-,-,-,-,-,-,-,-,-,-,-,3,44,-,-,-,-,-,-,-,-,-,-,-,-,-,-,-,-,-,-,-,-,1,8,-,-,-,-,1,8,-,-,-,-,-,-,-,-,-,-,-,-,-,-,-,-,1,34,-,-,-,-,1,34,-,-,1,2,1,2,-,-,-,-,-,-,-,-,-,-,-,-,-,-,-,-,-,-,-,-,-,-,-,-,-,-,-,-,-,-,-,-,-,-,-,-,-,-,-,-,-,-,-,-,-,-,-,-
6,13202,1320200704,立川市,立川市柏町,4丁目,立川市柏町4丁目,-,-,-,-,-,-,-,-,-,-,-,-,-,-,-,-,-,-,-,-,-,-,-,-,-,-,-,-,-,-,-,-,-,-,-,-,-,-,-,-,-,-,-,-,-,-,-,-,-,-,-,-,-,-,-,-,-,-,-,-,-,-,-,-,-,-,-,-,-,-,-,-,1,12,-,-,-,-,-,-,-,-,-,-,-,-,1,12,-,-,-,-,1,12,-,-,-,-,-,-,-,-,-,-,-,-,-,-,-,-,-,-,-,-,-,-,-,-,-,-,-,-,-,-,-,-,1,14,1,14,-,-,-,-,-,-,-,-,1,14,-,-,-,-,-,-,-,-,-,-,-,-,-,-,-,-,-,-,-,-,-,-,1,2,1,2,1,2,-,-,-,-,-,-,-,-,-,-,-,-,-,-,-,-,-,-,-,-,-,-,-,-,-,-,-,-,-,-,-,-,-,-,-,-,-,-,-,-,-,-,-,-,-,-,-,-,-,-,-,-,2,4,-,-,-,-,-,-,-,-,1,2,1,2,-,-,-,-,-,-,-,-,1,2,-,-,1,2,-,-,-,-,8,87,-,-,1,2,1,2,-,-,1,2,1,2,-,-,-,-,1,3,1,8,1,8,-,-,-,-,-,-,4,72,2,38,-,-,-,-,-,-,1,2,-,-,-,-,-,-,1,32,2,4,-,-,-,-,-,-,-,-,-,-,1,2,1,2,1,2,-,-,-,-,-,-,5,26,1,15,1,15,-,-,-,-,-,-,1,1,1,1,-,-,-,-,-,-,1,6,-,-,-,-,1,6,-,-,-,-,-,-,-,-,-,-,1,3,-,-,1,3,-,-,-,-,-,-,-,-,-,-,-,-,-,-,-,-,-,-,-,-,-,-,-,-,1,1,-,-,1,1,-,-,-,-,-,-,-,-,-,-,-,-,-,-,1,2,-,-,-,-,-,-,-,-,-,-,-,-,-,-,1,2
6,13202,1320200705,立川市,立川市柏町,5丁目,立川市柏町5丁目,-,-,-,-,-,-,-,-,-,-,-,-,-,-,-,-,-,-,-,-,-,-,-,-,-,-,-,-,-,-,-,-,-,-,-,-,-,-,-,-,-,-,-,-,-,-,-,-,-,-,-,-,-,-,-,-,-,-,-,-,-,-,-,-,-,-,-,-,-,-,-,-,-,-,-,-,-,-,-,-,-,-,-,-,-,-,-,-,-,-,-,-,-,-,-,-,-,-,-,-,-,-,-,-,-,-,-,-,-,-,-,-,-,-,-,-,-,-,-,-,-,-,-,-,-,-,-,-,-,-,-,-,-,-,-,-,-,-,-,-,-,-,-,-,-,-,-,-,-,-,-,-,-,-,-,-,-,-,-,-,-,-,-,-,-,-,-,-,-,-,-,-,-,-,-,-,-,-,-,-,-,-,-,-,-,-,-,-,-,-,-,-,-,-,-,-,-,-,-,-,-,-,-,-,-,-,-,-,-,-,-,-,-,-,-,-,-,-,-,-,-,-,-,-,-,-,-,-,-,-,-,-,-,-,-,-,-,-,-,-,-,-,-,-,-,-,-,-,-,-,-,-,-,-,-,-,-,-,-,-,-,-,-,-,-,-,-,-,-,-,-,-,-,-,-,-,-,-,-,-,-,-,-,-,-,-,-,-,-,-,-,-,-,-,-,-,-,-,-,-,-,-,-,-,-,-,-,-,-,-,-,-,-,-,-,-,-,-,-,-,-,-,-,-,-,-,-,-,-,-,-,-,-,-,-,-,-,-,-,-,-,-,-,-,-,-,-,-,-,-,-,-,-,-,-,-,-,-,-,-,-,-,-,-,-,-,-,-,-,-,-,-,-,-,-,-,-,-,-,-,-,-,-,-,-,-,-,-,-,-,-,-,-,-,-,-,-,-,-,-,-,-,-,-,-,-,-,-,-,-,-,-,-,-,-,-,-,-,-,-,-,-,-,-,-,-,-,-,-,-,-,-,-,-
5,13202,1320200300,立川市,立川市上砂町,,立川市上砂町,-,-,-,-,-,-,-,-,-,-,-,-,-,-,-,-,-,-,-,-,-,-,-,-,-,-,-,-,-,-,-,-,-,-,-,-,2,74,-,-,-,-,-,-,-,-,-,-,-,-,-,-,-,-,2,74,-,-,-,-,-,-,-,-,-,-,-,-,-,-,2,74,3,8,3,8,1,2,-,-,-,-,1,2,1,4,-,-,-,-,-,-,-,-,-,-,-,-,-,-,-,-,-,-,-,-,-,-,-,-,-,-,-,-,-,-,-,-,-,-,-,-,-,-,-,-,1,5,-,-,-,-,-,-,-,-,-,-,-,-,-,-,-,-,-,-,-,-,1,5,-,-,1,5,-,-,-,-,-,-,-,-,-,-,-,-,-,-,-,-,-,-,-,-,-,-,-,-,-,-,-,-,-,-,-,-,-,-,-,-,-,-,-,-,-,-,-,-,-,-,-,-,-,-,-,-,-,-,-,-,-,-,-,-,-,-,-,-,-,-,2,5,-,-,-,-,-,-,-,-,2,5,2,5,-,-,-,-,-,-,-,-,-,-,-,-,-,-,-,-,-,-,4,50,1,35,-,-,-,-,-,-,-,-,-,-,-,-,-,-,1,2,-,-,-,-,-,-,-,-,-,-,2,13,1,11,-,-,-,-,1,2,-,-,-,-,-,-,-,-,-,-,1,1,-,-,-,-,-,-,-,-,-,-,1,1,-,-,-,-,-,-,-,-,-,-,5,44,-,-,-,-,-,-,-,-,-,-,-,-,-,-,-,-,-,-,-,-,3,18,-,-,-,-,3,18,-,-,-,-,-,-,-,-,-,-,2,26,1,7,1,19,-,-,-,-,-,-,-,-,-,-,-,-,-,-,-,-,-,-,-,-,-,-,-,-,-,-,-,-,-,-,-,-,-,-,-,-,-,-,-,-,-,-,-,-,-,-,-,-,-,-,-,-,-,-,-,-,-,-,-,-,-,-
6,13202,1320200301,立川市,立川市上砂町,1丁目,立川市上砂町1丁目,-,-,-,-,-,-,-,-,-,-,-,-,-,-,-,-,-,-,-,-,-,-,-,-,-,-,-,-,-,-,-,-,-,-,-,-,-,-,-,-,-,-,-,-,-,-,-,-,-,-,-,-,-,-,-,-,-,-,-,-,-,-,-,-,-,-,-,-,-,-,-,-,-,-,-,-,-,-,-,-,-,-,-,-,-,-,-,-,-,-,-,-,-,-,-,-,-,-,-,-,-,-,-,-,-,-,-,-,-,-,-,-,-,-,-,-,-,-,-,-,-,-,-,-,-,-,-,-,-,-,-,-,-,-,-,-,-,-,-,-,-,-,-,-,-,-,-,-,-,-,-,-,-,-,-,-,-,-,-,-,-,-,-,-,-,-,-,-,-,-,-,-,-,-,-,-,-,-,-,-,-,-,-,-,-,-,-,-,-,-,-,-,-,-,-,-,-,-,-,-,-,-,-,-,-,-,-,-,-,-,-,-,-,-,-,-,-,-,-,-,-,-,-,-,-,-,-,-,-,-,-,-,-,-,-,-,-,-,-,-,-,-,-,-,-,-,-,-,-,-,-,-,-,-,-,-,-,-,-,-,-,-,-,-,-,-,-,-,-,-,-,-,-,-,-,-,-,-,-,-,-,-,-,-,-,-,-,-,-,-,-,-,-,-,-,-,-,-,-,-,-,-,-,-,-,-,-,-,-,-,-,-,-,-,-,-,-,-,-,-,-,-,-,-,-,-,2,26,-,-,-,-,-,-,-,-,-,-,-,-,-,-,-,-,-,-,-,-,1,7,-,-,-,-,1,7,-,-,-,-,-,-,-,-,-,-,1,19,-,-,1,19,-,-,-,-,-,-,-,-,-,-,-,-,-,-,-,-,-,-,-,-,-,-,-,-,-,-,-,-,-,-,-,-,-,-,-,-,-,-,-,-,-,-,-,-,-,-,-,-,-,-,-,-,-,-,-,-,-,-,-,-,-,-
6,13202,1320200302,立川市,立川市上砂町,2丁目,立川市上砂町2丁目,-,-,-,-,-,-,-,-,-,-,-,-,-,-,-,-,-,-,-,-,-,-,-,-,-,-,-,-,-,-,-,-,-,-,-,-,-,-,-,-,-,-,-,-,-,-,-,-,-,-,-,-,-,-,-,-,-,-,-,-,-,-,-,-,-,-,-,-,-,-,-,-,-,-,-,-,-,-,-,-,-,-,-,-,-,-,-,-,-,-,-,-,-,-,-,-,-,-,-,-,-,-,-,-,-,-,-,-,-,-,-,-,-,-,-,-,-,-,-,-,-,-,-,-,-,-,-,-,-,-,-,-,-,-,-,-,-,-,-,-,-,-,-,-,-,-,-,-,-,-,-,-,-,-,-,-,-,-,-,-,-,-,-,-,-,-,-,-,-,-,-,-,-,-,-,-,-,-,-,-,-,-,-,-,-,-,-,-,-,-,-,-,-,-,-,-,-,-,-,-,-,-,-,-,-,-,-,-,-,-,-,-,-,-,-,-,-,-,-,-,-,-,-,-,-,-,-,-,-,-,-,-,-,-,-,-,-,-,-,-,-,-,-,-,-,-,-,-,-,-,-,-,-,-,-,-,-,-,-,-,-,-,-,-,-,-,-,-,-,-,-,-,-,-,-,-,-,-,-,-,-,-,-,-,-,-,-,-,-,-,-,-,-,-,-,-,-,-,-,-,-,-,1,1,-,-,-,-,-,-,-,-,-,-,1,1,-,-,-,-,-,-,-,-,-,-,-,-,-,-,-,-,-,-,-,-,-,-,-,-,-,-,-,-,-,-,-,-,-,-,-,-,-,-,-,-,-,-,-,-,-,-,-,-,-,-,-,-,-,-,-,-,-,-,-,-,-,-,-,-,-,-,-,-,-,-,-,-,-,-,-,-,-,-,-,-,-,-,-,-,-,-,-,-,-,-,-,-,-,-,-,-,-,-,-,-,-,-,-,-,-,-,-,-,-,-,-,-,-,-,-,-,-,-
6,13202,1320200303,立川市,立川市上砂町,3丁目,立川市上砂町3丁目,-,-,-,-,-,-,-,-,-,-,-,-,-,-,-,-,-,-,-,-,-,-,-,-,-,-,-,-,-,-,-,-,-,-,-,-,-,-,-,-,-,-,-,-,-,-,-,-,-,-,-,-,-,-,-,-,-,-,-,-,-,-,-,-,-,-,-,-,-,-,-,-,1,2,1,2,1,2,-,-,-,-,-,-,-,-,-,-,-,-,-,-,-,-,-,-,-,-,-,-,-,-,-,-,-,-,-,-,-,-,-,-,-,-,-,-,-,-,-,-,-,-,-,-,-,-,-,-,-,-,-,-,-,-,-,-,-,-,-,-,-,-,-,-,-,-,-,-,-,-,-,-,-,-,-,-,-,-,-,-,-,-,-,-,-,-,-,-,-,-,-,-,-,-,-,-,-,-,-,-,-,-,-,-,-,-,-,-,-,-,-,-,-,-,-,-,-,-,-,-,-,-,-,-,-,-,-,-,-,-,-,-,-,-,-,-,-,-,-,-,1,2,-,-,-,-,-,-,-,-,1,2,1,2,-,-,-,-,-,-,-,-,-,-,-,-,-,-,-,-,-,-,1,2,-,-,-,-,-,-,-,-,-,-,-,-,-,-,-,-,1,2,-,-,-,-,-,-,-,-,-,-,-,-,-,-,-,-,-,-,-,-,-,-,-,-,-,-,-,-,-,-,-,-,-,-,-,-,-,-,-,-,-,-,-,-,-,-,-,-,-,-,-,-,-,-,3,18,-,-,-,-,-,-,-,-,-,-,-,-,-,-,-,-,-,-,-,-,2,11,-,-,-,-,2,11,-,-,-,-,-,-,-,-,-,-,1,7,1,7,-,-,-,-,-,-,-,-,-,-,-,-,-,-,-,-,-,-,-,-,-,-,-,-,-,-,-,-,-,-,-,-,-,-,-,-,-,-,-,-,-,-,-,-,-,-,-,-,-,-,-,-,-,-,-,-,-,-,-,-,-,-,-,-
6,13202,1320200304,立川市,立川市上砂町,4丁目,立川市上砂町4丁目,-,-,-,-,-,-,-,-,-,-,-,-,-,-,-,-,-,-,-,-,-,-,-,-,-,-,-,-,-,-,-,-,-,-,-,-,1,49,-,-,-,-,-,-,-,-,-,-,-,-,-,-,-,-,1,49,-,-,-,-,-,-,-,-,-,-,-,-,-,-,1,49,-,-,-,-,-,-,-,-,-,-,-,-,-,-,-,-,-,-,-,-,-,-,-,-,-,-,-,-,-,-,-,-,-,-,-,-,-,-,-,-,-,-,-,-,-,-,-,-,-,-,-,-,-,-,1,5,-,-,-,-,-,-,-,-,-,-,-,-,-,-,-,-,-,-,-,-,1,5,-,-,1,5,-,-,-,-,-,-,-,-,-,-,-,-,-,-,-,-,-,-,-,-,-,-,-,-,-,-,-,-,-,-,-,-,-,-,-,-,-,-,-,-,-,-,-,-,-,-,-,-,-,-,-,-,-,-,-,-,-,-,-,-,-,-,-,-,-,-,-,-,-,-,-,-,-,-,-,-,-,-,-,-,-,-,-,-,-,-,-,-,-,-,-,-,-,-,-,-,-,-,1,2,-,-,-,-,-,-,-,-,-,-,-,-,-,-,-,-,-,-,-,-,-,-,-,-,-,-,-,-,1,2,-,-,-,-,-,-,1,2,-,-,-,-,-,-,-,-,-,-,-,-,-,-,-,-,-,-,-,-,-,-,-,-,-,-,-,-,-,-,-,-,-,-,-,-,-,-,-,-,-,-,-,-,-,-,-,-,-,-,-,-,-,-,-,-,-,-,-,-,-,-,-,-,-,-,-,-,-,-,-,-,-,-,-,-,-,-,-,-,-,-,-,-,-,-,-,-,-,-,-,-,-,-,-,-,-,-,-,-,-,-,-,-,-,-,-,-,-,-,-,-,-,-,-,-,-,-,-,-,-,-,-,-,-,-,-,-,-,-,-,-,-,-,-,-,-,-,-,-,-,-
6,13202,1320200305,立川市,立川市上砂町,5丁目,立川市上砂町5丁目,-,-,-,-,-,-,-,-,-,-,-,-,-,-,-,-,-,-,-,-,-,-,-,-,-,-,-,-,-,-,-,-,-,-,-,-,1,25,-,-,-,-,-,-,-,-,-,-,-,-,-,-,-,-,1,25,-,-,-,-,-,-,-,-,-,-,-,-,-,-,1,25,2,6,2,6,-,-,-,-,-,-,1,2,1,4,-,-,-,-,-,-,-,-,-,-,-,-,-,-,-,-,-,-,-,-,-,-,-,-,-,-,-,-,-,-,-,-,-,-,-,-,-,-,-,-,-,-,-,-,-,-,-,-,-,-,-,-,-,-,-,-,-,-,-,-,-,-,-,-,-,-,-,-,-,-,-,-,-,-,-,-,-,-,-,-,-,-,-,-,-,-,-,-,-,-,-,-,-,-,-,-,-,-,-,-,-,-,-,-,-,-,-,-,-,-,-,-,-,-,-,-,-,-,-,-,-,-,-,-,-,-,-,-,-,-,-,-,-,-,1,3,-,-,-,-,-,-,-,-,1,3,1,3,-,-,-,-,-,-,-,-,-,-,-,-,-,-,-,-,-,-,2,46,1,35,-,-,-,-,-,-,-,-,-,-,-,-,-,-,-,-,-,-,-,-,-,-,-,-,-,-,1,11,1,11,-,-,-,-,-,-,-,-,-,-,-,-,-,-,-,-,-,-,-,-,-,-,-,-,-,-,-,-,-,-,-,-,-,-,-,-,-,-,-,-,-,-,-,-,-,-,-,-,-,-,-,-,-,-,-,-,-,-,-,-,-,-,-,-,-,-,-,-,-,-,-,-,-,-,-,-,-,-,-,-,-,-,-,-,-,-,-,-,-,-,-,-,-,-,-,-,-,-,-,-,-,-,-,-,-,-,-,-,-,-,-,-,-,-,-,-,-,-,-,-,-,-,-,-,-,-,-,-,-,-,-,-,-,-,-,-,-,-,-,-,-,-,-,-,-,-,-,-
6,13202,1320200306,立川市,立川市上砂町,6丁目,立川市上砂町6丁目,-,-,-,-,-,-,-,-,-,-,-,-,-,-,-,-,-,-,-,-,-,-,-,-,-,-,-,-,-,-,-,-,-,-,-,-,-,-,-,-,-,-,-,-,-,-,-,-,-,-,-,-,-,-,-,-,-,-,-,-,-,-,-,-,-,-,-,-,-,-,-,-,-,-,-,-,-,-,-,-,-,-,-,-,-,-,-,-,-,-,-,-,-,-,-,-,-,-,-,-,-,-,-,-,-,-,-,-,-,-,-,-,-,-,-,-,-,-,-,-,-,-,-,-,-,-,-,-,-,-,-,-,-,-,-,-,-,-,-,-,-,-,-,-,-,-,-,-,-,-,-,-,-,-,-,-,-,-,-,-,-,-,-,-,-,-,-,-,-,-,-,-,-,-,-,-,-,-,-,-,-,-,-,-,-,-,-,-,-,-,-,-,-,-,-,-,-,-,-,-,-,-,-,-,-,-,-,-,-,-,-,-,-,-,-,-,-,-,-,-,-,-,-,-,-,-,-,-,-,-,-,-,-,-,-,-,-,-,-,-,-,-,-,-,-,-,-,-,-,-,-,-,-,-,-,-,-,-,-,-,-,-,-,-,-,-,-,-,-,-,-,-,-,-,-,-,-,-,-,-,-,-,-,-,-,-,-,-,-,-,-,-,-,-,-,-,-,-,-,-,-,-,-,-,-,-,-,-,-,-,-,-,-,-,-,-,-,-,-,-,-,-,-,-,-,-,-,-,-,-,-,-,-,-,-,-,-,-,-,-,-,-,-,-,-,-,-,-,-,-,-,-,-,-,-,-,-,-,-,-,-,-,-,-,-,-,-,-,-,-,-,-,-,-,-,-,-,-,-,-,-,-,-,-,-,-,-,-,-,-,-,-,-,-,-,-,-,-,-,-,-,-,-,-,-,-,-,-,-,-,-,-,-,-,-,-,-,-,-,-,-,-,-,-,-,-,-,-,-,-,-,-,-,-
6,13202,1320200307,立川市,立川市上砂町,7丁目,立川市上砂町7丁目,-,-,-,-,-,-,-,-,-,-,-,-,-,-,-,-,-,-,-,-,-,-,-,-,-,-,-,-,-,-,-,-,-,-,-,-,-,-,-,-,-,-,-,-,-,-,-,-,-,-,-,-,-,-,-,-,-,-,-,-,-,-,-,-,-,-,-,-,-,-,-,-,-,-,-,-,-,-,-,-,-,-,-,-,-,-,-,-,-,-,-,-,-,-,-,-,-,-,-,-,-,-,-,-,-,-,-,-,-,-,-,-,-,-,-,-,-,-,-,-,-,-,-,-,-,-,-,-,-,-,-,-,-,-,-,-,-,-,-,-,-,-,-,-,-,-,-,-,-,-,-,-,-,-,-,-,-,-,-,-,-,-,-,-,-,-,-,-,-,-,-,-,-,-,-,-,-,-,-,-,-,-,-,-,-,-,-,-,-,-,-,-,-,-,-,-,-,-,-,-,-,-,-,-,-,-,-,-,-,-,-,-,-,-,-,-,-,-,-,-,-,-,-,-,-,-,-,-,-,-,-,-,-,-,-,-,-,-,-,-,-,-,-,-,-,-,-,-,-,-,-,-,-,-,-,-,-,-,-,-,-,-,-,-,-,-,-,-,-,-,-,-,-,-,-,-,-,-,-,-,-,-,-,-,-,-,-,-,-,-,-,-,-,-,-,-,-,-,-,-,-,-,-,-,-,-,-,-,-,-,-,-,-,-,-,-,-,-,-,-,-,-,-,-,-,-,-,-,-,-,-,-,-,-,-,-,-,-,-,-,-,-,-,-,-,-,-,-,-,-,-,-,-,-,-,-,-,-,-,-,-,-,-,-,-,-,-,-,-,-,-,-,-,-,-,-,-,-,-,-,-,-,-,-,-,-,-,-,-,-,-,-,-,-,-,-,-,-,-,-,-,-,-,-,-,-,-,-,-,-,-,-,-,-,-,-,-,-,-,-,-,-,-,-,-,-,-,-,-,-,-,-,-,-
5,13202,1320200800,立川市,立川市幸町,,立川市幸町,-,-,-,-,-,-,-,-,-,-,-,-,-,-,-,-,-,-,-,-,-,-,-,-,-,-,-,-,-,-,-,-,-,-,-,-,6,51,2,6,-,-,-,-,1,3,-,-,-,-,-,-,1,3,4,45,-,-,-,-,-,-,1,5,-,-,-,-,2,8,1,32,2,11,1,9,-,-,-,-,-,-,-,-,1,9,-,-,-,-,-,-,-,-,-,-,-,-,-,-,1,2,-,-,-,-,1,2,-,-,-,-,-,-,-,-,-,-,-,-,-,-,-,-,-,-,7,37,3,22,-,-,-,-,-,-,-,-,3,22,2,8,1,2,1,6,-,-,1,2,-,-,1,2,1,5,1,5,-,-,-,-,4,31,2,20,2,20,-,-,-,-,-,-,-,-,-,-,-,-,-,-,-,-,-,-,-,-,-,-,-,-,-,-,2,11,-,-,-,-,-,-,-,-,-,-,-,-,-,-,1,5,1,6,-,-,-,-,-,-,3,17,-,-,-,-,-,-,3,17,-,-,-,-,-,-,-,-,-,-,-,-,-,-,-,-,-,-,-,-,-,-,14,172,1,60,-,-,-,-,-,-,-,-,-,-,-,-,-,-,2,9,4,17,3,12,-,-,1,5,-,-,7,86,4,63,-,-,1,18,-,-,-,-,2,5,-,-,-,-,-,-,9,61,6,38,1,8,2,12,2,11,1,7,2,15,1,8,1,8,-,-,-,-,-,-,18,198,2,20,2,20,-,-,-,-,-,-,2,6,1,4,-,-,1,2,-,-,4,46,1,22,-,-,3,24,-,-,-,-,-,-,-,-,-,-,2,13,1,3,1,10,1,1,1,1,-,-,-,-,-,-,1,1,-,-,-,-,1,1,1,8,-,-,1,8,5,103,2,94,2,3,-,-,-,-,-,-,-,-,-,-,-,-,1,6,2,44,1,5,-,-,-,-,-,-,1,5,-,-,-,-,1,39
6,13202,1320200801,立川市,立川市幸町,1丁目,立川市幸町1丁目,-,-,-,-,-,-,-,-,-,-,-,-,-,-,-,-,-,-,-,-,-,-,-,-,-,-,-,-,-,-,-,-,-,-,-,-,-,-,-,-,-,-,-,-,-,-,-,-,-,-,-,-,-,-,-,-,-,-,-,-,-,-,-,-,-,-,-,-,-,-,-,-,-,-,-,-,-,-,-,-,-,-,-,-,-,-,-,-,-,-,-,-,-,-,-,-,-,-,-,-,-,-,-,-,-,-,-,-,-,-,-,-,-,-,-,-,-,-,-,-,-,-,-,-,-,-,-,-,-,-,-,-,-,-,-,-,-,-,-,-,-,-,-,-,-,-,-,-,-,-,-,-,-,-,-,-,-,-,-,-,-,-,2,20,2,20,2,20,-,-,-,-,-,-,-,-,-,-,-,-,-,-,-,-,-,-,-,-,-,-,-,-,-,-,-,-,-,-,-,-,-,-,-,-,-,-,-,-,-,-,-,-,-,-,-,-,-,-,-,-,1,1,-,-,-,-,-,-,1,1,-,-,-,-,-,-,-,-,-,-,-,-,-,-,-,-,-,-,-,-,-,-,2,62,1,60,-,-,-,-,-,-,-,-,-,-,-,-,-,-,-,-,-,-,-,-,-,-,-,-,-,-,1,2,-,-,-,-,-,-,-,-,-,-,1,2,-,-,-,-,-,-,1,8,1,8,1,8,-,-,-,-,-,-,-,-,-,-,-,-,-,-,-,-,-,-,3,10,-,-,-,-,-,-,-,-,-,-,-,-,-,-,-,-,-,-,-,-,-,-,-,-,-,-,-,-,-,-,-,-,-,-,-,-,-,-,1,3,1,3,-,-,-,-,-,-,-,-,-,-,-,-,-,-,-,-,-,-,-,-,-,-,-,-,-,-,2,7,-,-,1,1,-,-,-,-,-,-,-,-,-,-,-,-,1,6,-,-,-,-,-,-,-,-,-,-,-,-,-,-,-,-,-,-
6,13202,1320200802,立川市,立川市幸町,2丁目,立川市幸町2丁目,-,-,-,-,-,-,-,-,-,-,-,-,-,-,-,-,-,-,-,-,-,-,-,-,-,-,-,-,-,-,-,-,-,-,-,-,2,35,1,3,-,-,-,-,1,3,-,-,-,-,-,-,-,-,1,32,-,-,-,-,-,-,-,-,-,-,-,-,-,-,1,32,1,9,1,9,-,-,-,-,-,-,-,-,1,9,-,-,-,-,-,-,-,-,-,-,-,-,-,-,-,-,-,-,-,-,-,-,-,-,-,-,-,-,-,-,-,-,-,-,-,-,-,-,-,-,1,2,-,-,-,-,-,-,-,-,-,-,-,-,1,2,1,2,-,-,-,-,-,-,-,-,-,-,-,-,-,-,-,-,-,-,-,-,-,-,-,-,-,-,-,-,-,-,-,-,-,-,-,-,-,-,-,-,-,-,-,-,-,-,-,-,-,-,-,-,-,-,-,-,-,-,-,-,-,-,-,-,-,-,-,-,-,-,-,-,-,-,-,-,1,8,-,-,-,-,-,-,1,8,-,-,-,-,-,-,-,-,-,-,-,-,-,-,-,-,-,-,-,-,-,-,3,35,-,-,-,-,-,-,-,-,-,-,-,-,-,-,-,-,-,-,1,6,1,6,-,-,-,-,-,-,2,29,2,29,-,-,-,-,-,-,-,-,-,-,-,-,-,-,-,-,2,13,1,7,-,-,-,-,1,7,-,-,1,6,-,-,-,-,-,-,-,-,-,-,3,74,-,-,-,-,-,-,-,-,-,-,-,-,-,-,-,-,-,-,-,-,2,35,1,22,-,-,1,13,-,-,-,-,-,-,-,-,-,-,-,-,-,-,-,-,-,-,-,-,-,-,-,-,-,-,-,-,-,-,-,-,-,-,-,-,-,-,-,-,1,39,1,39,-,-,-,-,-,-,-,-,-,-,-,-,-,-,-,-,1,39,-,-,-,-,-,-,-,-,-,-,-,-,-,-,1,39
6,13202,1320200803,立川市,立川市幸町,3丁目,立川市幸町3丁目,-,-,-,-,-,-,-,-,-,-,-,-,-,-,-,-,-,-,-,-,-,-,-,-,-,-,-,-,-,-,-,-,-,-,-,-,2,9,1,3,-,-,-,-,-,-,-,-,-,-,-,-,1,3,1,6,-,-,-,-,-,-,-,-,-,-,-,-,1,6,-,-,-,-,-,-,-,-,-,-,-,-,-,-,-,-,-,-,-,-,-,-,-,-,-,-,-,-,-,-,-,-,-,-,-,-,-,-,-,-,-,-,-,-,-,-,-,-,-,-,-,-,-,-,-,-,2,13,1,8,-,-,-,-,-,-,-,-,1,8,-,-,-,-,-,-,-,-,-,-,-,-,-,-,1,5,1,5,-,-,-,-,-,-,-,-,-,-,-,-,-,-,-,-,-,-,-,-,-,-,-,-,-,-,-,-,-,-,-,-,-,-,-,-,-,-,-,-,-,-,-,-,-,-,-,-,-,-,-,-,-,-,-,-,-,-,-,-,-,-,1,8,-,-,-,-,-,-,1,8,-,-,-,-,-,-,-,-,-,-,-,-,-,-,-,-,-,-,-,-,-,-,3,22,-,-,-,-,-,-,-,-,-,-,-,-,-,-,-,-,1,1,1,4,1,4,-,-,-,-,-,-,1,17,1,17,-,-,-,-,-,-,-,-,-,-,-,-,-,-,-,-,2,13,1,5,-,-,1,5,-,-,-,-,-,-,1,8,1,8,-,-,-,-,-,-,5,85,2,20,2,20,-,-,-,-,-,-,1,2,-,-,-,-,1,2,-,-,-,-,-,-,-,-,-,-,-,-,-,-,-,-,-,-,-,-,-,-,-,-,-,-,-,-,-,-,-,-,-,-,-,-,-,-,-,-,-,-,-,-,1,8,-,-,1,8,1,55,1,55,-,-,-,-,-,-,-,-,-,-,-,-,-,-,-,-,-,-,-,-,-,-,-,-,-,-,-,-,-,-,-,-,-,-
6,13202,1320200804,立川市,立川市幸町,4丁目,立川市幸町4丁目,-,-,-,-,-,-,-,-,-,-,-,-,-,-,-,-,-,-,-,-,-,-,-,-,-,-,-,-,-,-,-,-,-,-,-,-,1,5,-,-,-,-,-,-,-,-,-,-,-,-,-,-,-,-,1,5,-,-,-,-,-,-,1,5,-,-,-,-,-,-,-,-,-,-,-,-,-,-,-,-,-,-,-,-,-,-,-,-,-,-,-,-,-,-,-,-,-,-,-,-,-,-,-,-,-,-,-,-,-,-,-,-,-,-,-,-,-,-,-,-,-,-,-,-,-,-,2,9,1,7,-,-,-,-,-,-,-,-,1,7,-,-,-,-,-,-,-,-,1,2,-,-,1,2,-,-,-,-,-,-,-,-,1,5,-,-,-,-,-,-,-,-,-,-,-,-,-,-,-,-,-,-,-,-,-,-,-,-,-,-,-,-,-,-,1,5,-,-,-,-,-,-,-,-,-,-,-,-,-,-,1,5,-,-,-,-,-,-,-,-,-,-,-,-,-,-,-,-,-,-,-,-,-,-,-,-,-,-,-,-,-,-,-,-,-,-,-,-,-,-,-,-,1,3,-,-,-,-,-,-,-,-,-,-,-,-,-,-,-,-,-,-,-,-,-,-,-,-,-,-,-,-,1,3,-,-,-,-,-,-,-,-,-,-,1,3,-,-,-,-,-,-,2,14,2,14,-,-,1,7,-,-,1,7,-,-,-,-,-,-,-,-,-,-,-,-,3,20,-,-,-,-,-,-,-,-,-,-,1,4,1,4,-,-,-,-,-,-,1,6,-,-,-,-,1,6,-,-,-,-,-,-,-,-,-,-,1,10,-,-,1,10,-,-,-,-,-,-,-,-,-,-,-,-,-,-,-,-,-,-,-,-,-,-,-,-,-,-,-,-,-,-,-,-,-,-,-,-,-,-,-,-,-,-,-,-,-,-,-,-,-,-,-,-,-,-,-,-,-,-,-,-,-,-
6,13202,1320200805,立川市,立川市幸町,5丁目,立川市幸町5丁目,-,-,-,-,-,-,-,-,-,-,-,-,-,-,-,-,-,-,-,-,-,-,-,-,-,-,-,-,-,-,-,-,-,-,-,-,1,2,-,-,-,-,-,-,-,-,-,-,-,-,-,-,-,-,1,2,-,-,-,-,-,-,-,-,-,-,-,-,1,2,-,-,1,2,-,-,-,-,-,-,-,-,-,-,-,-,-,-,-,-,-,-,-,-,-,-,-,-,-,-,1,2,-,-,-,-,1,2,-,-,-,-,-,-,-,-,-,-,-,-,-,-,-,-,-,-,2,13,1,7,-,-,-,-,-,-,-,-,1,7,1,6,-,-,1,6,-,-,-,-,-,-,-,-,-,-,-,-,-,-,-,-,1,6,-,-,-,-,-,-,-,-,-,-,-,-,-,-,-,-,-,-,-,-,-,-,-,-,-,-,-,-,-,-,1,6,-,-,-,-,-,-,-,-,-,-,-,-,-,-,-,-,1,6,-,-,-,-,-,-,-,-,-,-,-,-,-,-,-,-,-,-,-,-,-,-,-,-,-,-,-,-,-,-,-,-,-,-,-,-,-,-,3,27,-,-,-,-,-,-,-,-,-,-,-,-,-,-,-,-,1,8,1,2,1,2,-,-,-,-,-,-,1,17,1,17,-,-,-,-,-,-,-,-,-,-,-,-,-,-,-,-,2,13,1,4,-,-,-,-,1,4,-,-,1,9,-,-,-,-,-,-,-,-,-,-,2,6,-,-,-,-,-,-,-,-,-,-,-,-,-,-,-,-,-,-,-,-,1,5,-,-,-,-,1,5,-,-,-,-,-,-,-,-,-,-,-,-,-,-,-,-,-,-,-,-,-,-,-,-,-,-,1,1,-,-,-,-,1,1,-,-,-,-,-,-,-,-,-,-,-,-,-,-,-,-,-,-,-,-,-,-,-,-,-,-,1,5,1,5,-,-,-,-,-,-,1,5,-,-,-,-,-,-
6,13202,1320200806,立川市,立川市幸町,6丁目,立川市幸町6丁目,-,-,-,-,-,-,-,-,-,-,-,-,-,-,-,-,-,-,-,-,-,-,-,-,-,-,-,-,-,-,-,-,-,-,-,-,-,-,-,-,-,-,-,-,-,-,-,-,-,-,-,-,-,-,-,-,-,-,-,-,-,-,-,-,-,-,-,-,-,-,-,-,-,-,-,-,-,-,-,-,-,-,-,-,-,-,-,-,-,-,-,-,-,-,-,-,-,-,-,-,-,-,-,-,-,-,-,-,-,-,-,-,-,-,-,-,-,-,-,-,-,-,-,-,-,-,-,-,-,-,-,-,-,-,-,-,-,-,-,-,-,-,-,-,-,-,-,-,-,-,-,-,-,-,-,-,-,-,-,-,-,-,-,-,-,-,-,-,-,-,-,-,-,-,-,-,-,-,-,-,-,-,-,-,-,-,-,-,-,-,-,-,-,-,-,-,-,-,-,-,-,-,-,-,-,-,-,-,-,-,-,-,-,-,-,-,-,-,-,-,-,-,-,-,-,-,-,-,-,-,-,-,-,-,-,-,-,-,-,-,-,-,-,-,-,-,-,-,-,-,-,-,2,23,-,-,-,-,-,-,-,-,-,-,-,-,-,-,-,-,-,-,1,5,-,-,-,-,1,5,-,-,1,18,-,-,-,-,1,18,-,-,-,-,-,-,-,-,-,-,-,-,-,-,-,-,-,-,-,-,-,-,-,-,-,-,-,-,-,-,-,-,-,-,-,-,2,3,-,-,-,-,-,-,-,-,-,-,-,-,-,-,-,-,-,-,-,-,-,-,-,-,-,-,-,-,-,-,-,-,-,-,-,-,-,-,-,-,-,-,-,-,1,1,1,1,-,-,-,-,-,-,-,-,-,-,-,-,-,-,-,-,-,-,-,-,1,2,-,-,1,2,-,-,-,-,-,-,-,-,-,-,-,-,-,-,-,-,-,-,-,-,-,-,-,-,-,-,-,-,-,-,-,-
5,13202,1320201000,立川市,立川市栄町,,立川市栄町,-,-,-,-,-,-,-,-,-,-,-,-,-,-,-,-,-,-,-,-,-,-,-,-,-,-,-,-,-,-,-,-,-,-,-,-,4,35,3,29,-,-,-,-,-,-,-,-,2,19,1,10,-,-,1,6,-,-,-,-,-,-,-,-,-,-,-,-,-,-,1,6,4,97,3,92,1,30,-,-,-,-,-,-,2,62,-,-,-,-,-,-,-,-,-,-,-,-,-,-,-,-,-,-,-,-,-,-,-,-,-,-,-,-,1,5,-,-,-,-,1,5,-,-,-,-,6,120,1,47,-,-,-,-,-,-,-,-,1,47,-,-,-,-,-,-,-,-,3,52,1,6,2,46,2,21,-,-,2,21,-,-,5,31,2,22,2,22,-,-,-,-,-,-,-,-,-,-,-,-,-,-,-,-,-,-,-,-,1,4,-,-,1,4,2,5,-,-,-,-,-,-,-,-,-,-,-,-,-,-,-,-,2,5,1,22,-,-,1,22,3,8,1,3,-,-,1,3,-,-,-,-,-,-,-,-,-,-,-,-,-,-,2,5,-,-,-,-,2,5,-,-,22,264,2,126,1,3,1,3,-,-,-,-,-,-,-,-,-,-,3,9,3,5,1,2,1,2,1,1,-,-,13,121,3,47,2,11,1,3,1,1,1,2,2,5,-,-,-,-,3,52,5,29,2,19,1,17,-,-,-,-,1,2,1,2,2,8,2,8,-,-,-,-,-,-,10,103,-,-,-,-,-,-,-,-,-,-,1,6,1,6,-,-,-,-,-,-,4,54,1,38,-,-,3,16,-,-,-,-,-,-,-,-,-,-,1,1,-,-,1,1,1,15,-,-,-,-,1,15,-,-,-,-,-,-,-,-,-,-,-,-,-,-,-,-,3,27,-,-,-,-,1,1,-,-,-,-,-,-,-,-,2,26,-,-,1,2,-,-,-,-,-,-,-,-,-,-,-,-,-,-,1,2
6,13202,1320201001,立川市,立川市栄町,1丁目,立川市栄町1丁目,-,-,-,-,-,-,-,-,-,-,-,-,-,-,-,-,-,-,-,-,-,-,-,-,-,-,-,-,-,-,-,-,-,-,-,-,-,-,-,-,-,-,-,-,-,-,-,-,-,-,-,-,-,-,-,-,-,-,-,-,-,-,-,-,-,-,-,-,-,-,-,-,-,-,-,-,-,-,-,-,-,-,-,-,-,-,-,-,-,-,-,-,-,-,-,-,-,-,-,-,-,-,-,-,-,-,-,-,-,-,-,-,-,-,-,-,-,-,-,-,-,-,-,-,-,-,-,-,-,-,-,-,-,-,-,-,-,-,-,-,-,-,-,-,-,-,-,-,-,-,-,-,-,-,-,-,-,-,-,-,-,-,-,-,-,-,-,-,-,-,-,-,-,-,-,-,-,-,-,-,-,-,-,-,-,-,-,-,-,-,-,-,-,-,-,-,-,-,-,-,-,-,-,-,-,-,-,-,-,-,-,-,-,-,-,-,-,-,-,-,-,-,-,-,-,-,-,-,-,-,-,-,-,-,-,-,-,-,-,-,-,-,-,-,-,-,-,-,-,-,-,-,3,37,-,-,-,-,-,-,-,-,-,-,-,-,-,-,-,-,1,5,-,-,-,-,-,-,-,-,-,-,2,32,-,-,-,-,1,3,-,-,-,-,-,-,-,-,-,-,1,29,-,-,-,-,-,-,-,-,-,-,-,-,-,-,-,-,-,-,-,-,-,-,-,-,-,-,-,-,-,-,-,-,-,-,-,-,-,-,-,-,-,-,-,-,-,-,-,-,-,-,-,-,-,-,-,-,-,-,-,-,-,-,-,-,-,-,-,-,-,-,-,-,-,-,-,-,-,-,-,-,-,-,-,-,-,-,-,-,-,-,-,-,-,-,-,-,-,-,-,-,-,-,-,-,-,-,-,-,-,-,-,-,-,-,-,-,-,-,-,-,-,-,-,-,-,-,-,-,-,-,-,-
6,13202,1320201002,立川市,立川市栄町,2丁目,立川市栄町2丁目,-,-,-,-,-,-,-,-,-,-,-,-,-,-,-,-,-,-,-,-,-,-,-,-,-,-,-,-,-,-,-,-,-,-,-,-,1,17,1,17,-,-,-,-,-,-,-,-,1,17,-,-,-,-,-,-,-,-,-,-,-,-,-,-,-,-,-,-,-,-,-,-,-,-,-,-,-,-,-,-,-,-,-,-,-,-,-,-,-,-,-,-,-,-,-,-,-,-,-,-,-,-,-,-,-,-,-,-,-,-,-,-,-,-,-,-,-,-,-,-,-,-,-,-,-,-,-,-,-,-,-,-,-,-,-,-,-,-,-,-,-,-,-,-,-,-,-,-,-,-,-,-,-,-,-,-,-,-,-,-,-,-,1,2,-,-,-,-,-,-,-,-,-,-,-,-,-,-,-,-,-,-,-,-,-,-,-,-,-,-,-,-,-,-,1,2,-,-,-,-,-,-,-,-,-,-,-,-,-,-,-,-,1,2,1,22,-,-,1,22,-,-,-,-,-,-,-,-,-,-,-,-,-,-,-,-,-,-,-,-,-,-,-,-,-,-,-,-,-,-,-,-,2,5,-,-,1,3,1,3,-,-,-,-,-,-,-,-,-,-,1,2,-,-,-,-,-,-,-,-,-,-,-,-,-,-,-,-,-,-,-,-,-,-,-,-,-,-,-,-,-,-,1,17,1,17,1,17,-,-,-,-,-,-,-,-,-,-,-,-,-,-,-,-,-,-,3,32,-,-,-,-,-,-,-,-,-,-,-,-,-,-,-,-,-,-,-,-,1,6,-,-,-,-,1,6,-,-,-,-,-,-,-,-,-,-,-,-,-,-,-,-,-,-,-,-,-,-,-,-,-,-,-,-,-,-,-,-,-,-,-,-,-,-,-,-,2,26,-,-,-,-,-,-,-,-,-,-,-,-,-,-,2,26,-,-,-,-,-,-,-,-,-,-,-,-,-,-,-,-,-,-,-,-
6,13202,1320201003,立川市,立川市栄町,3丁目,立川市栄町3丁目,-,-,-,-,-,-,-,-,-,-,-,-,-,-,-,-,-,-,-,-,-,-,-,-,-,-,-,-,-,-,-,-,-,-,-,-,1,10,1,10,-,-,-,-,-,-,-,-,-,-,1,10,-,-,-,-,-,-,-,-,-,-,-,-,-,-,-,-,-,-,-,-,-,-,-,-,-,-,-,-,-,-,-,-,-,-,-,-,-,-,-,-,-,-,-,-,-,-,-,-,-,-,-,-,-,-,-,-,-,-,-,-,-,-,-,-,-,-,-,-,-,-,-,-,-,-,2,8,-,-,-,-,-,-,-,-,-,-,-,-,-,-,-,-,-,-,-,-,1,6,1,6,-,-,1,2,-,-,1,2,-,-,-,-,-,-,-,-,-,-,-,-,-,-,-,-,-,-,-,-,-,-,-,-,-,-,-,-,-,-,-,-,-,-,-,-,-,-,-,-,-,-,-,-,-,-,-,-,-,-,-,-,-,-,-,-,-,-,-,-,1,4,-,-,-,-,-,-,-,-,-,-,-,-,-,-,-,-,-,-,-,-,1,4,-,-,-,-,1,4,-,-,2,68,1,60,-,-,-,-,-,-,-,-,-,-,-,-,-,-,-,-,-,-,-,-,-,-,-,-,-,-,1,8,1,8,-,-,-,-,-,-,-,-,-,-,-,-,-,-,-,-,1,2,-,-,-,-,-,-,-,-,-,-,1,2,-,-,-,-,-,-,-,-,-,-,3,46,-,-,-,-,-,-,-,-,-,-,-,-,-,-,-,-,-,-,-,-,2,45,1,38,-,-,1,7,-,-,-,-,-,-,-,-,-,-,-,-,-,-,-,-,-,-,-,-,-,-,-,-,-,-,-,-,-,-,-,-,-,-,-,-,-,-,-,-,1,1,-,-,-,-,1,1,-,-,-,-,-,-,-,-,-,-,-,-,1,2,-,-,-,-,-,-,-,-,-,-,-,-,-,-,1,2
6,13202,1320201004,立川市,立川市栄町,4丁目,立川市栄町4丁目,-,-,-,-,-,-,-,-,-,-,-,-,-,-,-,-,-,-,-,-,-,-,-,-,-,-,-,-,-,-,-,-,-,-,-,-,1,6,-,-,-,-,-,-,-,-,-,-,-,-,-,-,-,-,1,6,-,-,-,-,-,-,-,-,-,-,-,-,-,-,1,6,-,-,-,-,-,-,-,-,-,-,-,-,-,-,-,-,-,-,-,-,-,-,-,-,-,-,-,-,-,-,-,-,-,-,-,-,-,-,-,-,-,-,-,-,-,-,-,-,-,-,-,-,-,-,1,47,1,47,-,-,-,-,-,-,-,-,1,47,-,-,-,-,-,-,-,-,-,-,-,-,-,-,-,-,-,-,-,-,-,-,2,14,1,10,1,10,-,-,-,-,-,-,-,-,-,-,-,-,-,-,-,-,-,-,-,-,1,4,-,-,1,4,-,-,-,-,-,-,-,-,-,-,-,-,-,-,-,-,-,-,-,-,-,-,-,-,-,-,1,3,1,3,-,-,1,3,-,-,-,-,-,-,-,-,-,-,-,-,-,-,-,-,-,-,-,-,-,-,-,-,4,32,-,-,-,-,-,-,-,-,-,-,-,-,-,-,-,-,1,2,-,-,-,-,-,-,-,-,-,-,3,30,1,17,-,-,-,-,-,-,-,-,1,3,-,-,-,-,1,10,-,-,-,-,-,-,-,-,-,-,-,-,-,-,-,-,-,-,-,-,-,-,-,-,2,21,-,-,-,-,-,-,-,-,-,-,1,6,1,6,-,-,-,-,-,-,-,-,-,-,-,-,-,-,-,-,-,-,-,-,-,-,-,-,-,-,-,-,-,-,1,15,-,-,-,-,1,15,-,-,-,-,-,-,-,-,-,-,-,-,-,-,-,-,-,-,-,-,-,-,-,-,-,-,-,-,-,-,-,-,-,-,-,-,-,-,-,-,-,-,-,-,-,-,-,-,-,-,-,-,-,-
6,13202,1320201005,立川市,立川市栄町,5丁目,立川市栄町5丁目,-,-,-,-,-,-,-,-,-,-,-,-,-,-,-,-,-,-,-,-,-,-,-,-,-,-,-,-,-,-,-,-,-,-,-,-,1,2,1,2,-,-,-,-,-,-,-,-,1,2,-,-,-,-,-,-,-,-,-,-,-,-,-,-,-,-,-,-,-,-,-,-,-,-,-,-,-,-,-,-,-,-,-,-,-,-,-,-,-,-,-,-,-,-,-,-,-,-,-,-,-,-,-,-,-,-,-,-,-,-,-,-,-,-,-,-,-,-,-,-,-,-,-,-,-,-,-,-,-,-,-,-,-,-,-,-,-,-,-,-,-,-,-,-,-,-,-,-,-,-,-,-,-,-,-,-,-,-,-,-,-,-,-,-,-,-,-,-,-,-,-,-,-,-,-,-,-,-,-,-,-,-,-,-,-,-,-,-,-,-,-,-,-,-,-,-,-,-,-,-,-,-,-,-,-,-,-,-,-,-,-,-,-,-,-,-,-,-,-,-,1,1,-,-,-,-,-,-,-,-,-,-,-,-,-,-,-,-,-,-,-,-,1,1,-,-,-,-,1,1,-,-,8,96,1,66,-,-,-,-,-,-,-,-,-,-,-,-,-,-,-,-,2,3,1,2,-,-,1,1,-,-,5,27,-,-,1,9,-,-,1,1,1,2,1,2,-,-,-,-,1,13,1,4,-,-,-,-,-,-,-,-,-,-,-,-,1,4,1,4,-,-,-,-,-,-,1,3,-,-,-,-,-,-,-,-,-,-,-,-,-,-,-,-,-,-,-,-,1,3,-,-,-,-,1,3,-,-,-,-,-,-,-,-,-,-,-,-,-,-,-,-,-,-,-,-,-,-,-,-,-,-,-,-,-,-,-,-,-,-,-,-,-,-,-,-,-,-,-,-,-,-,-,-,-,-,-,-,-,-,-,-,-,-,-,-,-,-,-,-,-,-,-,-,-,-,-,-,-,-,-,-,-,-
6,13202,1320201006,立川市,立川市栄町,6丁目,立川市栄町6丁目,-,-,-,-,-,-,-,-,-,-,-,-,-,-,-,-,-,-,-,-,-,-,-,-,-,-,-,-,-,-,-,-,-,-,-,-,-,-,-,-,-,-,-,-,-,-,-,-,-,-,-,-,-,-,-,-,-,-,-,-,-,-,-,-,-,-,-,-,-,-,-,-,4,97,3,92,1,30,-,-,-,-,-,-,2,62,-,-,-,-,-,-,-,-,-,-,-,-,-,-,-,-,-,-,-,-,-,-,-,-,-,-,-,-,1,5,-,-,-,-,1,5,-,-,-,-,3,65,-,-,-,-,-,-,-,-,-,-,-,-,-,-,-,-,-,-,-,-,2,46,-,-,2,46,1,19,-,-,1,19,-,-,2,15,1,12,1,12,-,-,-,-,-,-,-,-,-,-,-,-,-,-,-,-,-,-,-,-,-,-,-,-,-,-,1,3,-,-,-,-,-,-,-,-,-,-,-,-,-,-,-,-,1,3,-,-,-,-,-,-,-,-,-,-,-,-,-,-,-,-,-,-,-,-,-,-,-,-,-,-,-,-,-,-,-,-,-,-,-,-,-,-,3,26,-,-,-,-,-,-,-,-,-,-,-,-,-,-,-,-,-,-,1,2,-,-,1,2,-,-,-,-,2,24,1,22,1,2,-,-,-,-,-,-,-,-,-,-,-,-,-,-,2,6,1,2,-,-,-,-,-,-,1,2,-,-,1,4,1,4,-,-,-,-,-,-,1,1,-,-,-,-,-,-,-,-,-,-,-,-,-,-,-,-,-,-,-,-,-,-,-,-,-,-,-,-,-,-,-,-,-,-,-,-,-,-,1,1,-,-,1,1,-,-,-,-,-,-,-,-,-,-,-,-,-,-,-,-,-,-,-,-,-,-,-,-,-,-,-,-,-,-,-,-,-,-,-,-,-,-,-,-,-,-,-,-,-,-,-,-,-,-,-,-,-,-,-,-,-,-,-,-,-,-
5,13202,1320201500,立川市,立川市柴崎町,,立川市柴崎町,-,-,-,-,-,-,3,36,-,-,-,-,-,-,-,-,3,36,-,-,2,33,-,-,1,3,-,-,-,-,-,-,-,-,-,-,3,37,1,26,1,26,-,-,-,-,-,-,-,-,-,-,-,-,2,11,-,-,-,-,-,-,1,7,-,-,-,-,-,-,1,4,5,89,3,74,-,-,1,8,-,-,-,-,2,66,-,-,-,-,-,-,-,-,-,-,-,-,-,-,-,-,-,-,-,-,-,-,1,1,1,1,-,-,1,14,-,-,1,14,-,-,-,-,-,-,16,83,9,36,-,-,-,-,1,3,3,14,5,19,1,3,1,3,-,-,-,-,6,44,2,10,4,34,-,-,-,-,-,-,-,-,10,131,-,-,-,-,-,-,-,-,-,-,-,-,-,-,3,29,-,-,-,-,3,29,-,-,1,25,1,25,-,-,6,77,-,-,-,-,-,-,-,-,-,-,-,-,2,14,-,-,4,63,1,63,1,63,-,-,43,305,2,4,2,4,-,-,5,32,19,178,18,174,1,4,2,19,1,11,1,8,15,72,4,16,2,8,8,40,1,8,40,635,3,258,3,21,2,20,1,1,3,28,3,28,-,-,-,-,1,2,8,44,3,14,3,14,2,16,-,-,22,282,6,142,2,4,1,3,2,18,6,58,1,2,-,-,-,-,4,55,11,54,3,17,1,11,-,-,1,3,1,3,3,17,5,20,5,20,-,-,-,-,-,-,61,360,4,14,2,11,-,-,1,1,1,2,1,5,-,-,-,-,1,5,-,-,22,176,4,53,1,2,11,77,6,44,-,-,-,-,-,-,-,-,1,5,1,5,-,-,8,27,3,4,-,-,-,-,5,23,5,22,3,8,2,14,-,-,4,30,-,-,4,30,16,81,-,-,1,3,3,16,1,3,4,25,-,-,-,-,-,-,7,34,4,42,4,42,-,-,-,-,-,-,2,20,2,22,-,-,-,-
6,13202,1320201501,立川市,立川市柴崎町,1丁目,立川市柴崎町1丁目,-,-,-,-,-,-,-,-,-,-,-,-,-,-,-,-,-,-,-,-,-,-,-,-,-,-,-,-,-,-,-,-,-,-,-,-,-,-,-,-,-,-,-,-,-,-,-,-,-,-,-,-,-,-,-,-,-,-,-,-,-,-,-,-,-,-,-,-,-,-,-,-,-,-,-,-,-,-,-,-,-,-,-,-,-,-,-,-,-,-,-,-,-,-,-,-,-,-,-,-,-,-,-,-,-,-,-,-,-,-,-,-,-,-,-,-,-,-,-,-,-,-,-,-,-,-,2,5,2,5,-,-,-,-,-,-,-,-,2,5,-,-,-,-,-,-,-,-,-,-,-,-,-,-,-,-,-,-,-,-,-,-,-,-,-,-,-,-,-,-,-,-,-,-,-,-,-,-,-,-,-,-,-,-,-,-,-,-,-,-,-,-,-,-,-,-,-,-,-,-,-,-,-,-,-,-,-,-,-,-,-,-,-,-,-,-,-,-,-,-,1,4,-,-,-,-,-,-,1,4,-,-,-,-,-,-,-,-,-,-,-,-,-,-,-,-,-,-,-,-,-,-,-,-,-,-,-,-,-,-,-,-,-,-,-,-,-,-,-,-,-,-,-,-,-,-,-,-,-,-,-,-,-,-,-,-,-,-,-,-,-,-,-,-,-,-,-,-,-,-,-,-,-,-,-,-,-,-,-,-,-,-,-,-,-,-,-,-,-,-,-,-,-,-,-,-,3,8,-,-,-,-,-,-,-,-,-,-,-,-,-,-,-,-,-,-,-,-,1,2,-,-,-,-,1,2,-,-,-,-,-,-,-,-,-,-,-,-,-,-,-,-,1,3,-,-,-,-,-,-,1,3,-,-,-,-,-,-,-,-,-,-,-,-,-,-,1,3,-,-,-,-,-,-,1,3,-,-,-,-,-,-,-,-,-,-,-,-,-,-,-,-,-,-,-,-,-,-,-,-,-,-,-,-
6,13202,1320201502,立川市,立川市柴崎町,2丁目,立川市柴崎町2丁目,-,-,-,-,-,-,1,3,-,-,-,-,-,-,-,-,1,3,-,-,-,-,-,-,1,3,-,-,-,-,-,-,-,-,-,-,-,-,-,-,-,-,-,-,-,-,-,-,-,-,-,-,-,-,-,-,-,-,-,-,-,-,-,-,-,-,-,-,-,-,-,-,-,-,-,-,-,-,-,-,-,-,-,-,-,-,-,-,-,-,-,-,-,-,-,-,-,-,-,-,-,-,-,-,-,-,-,-,-,-,-,-,-,-,-,-,-,-,-,-,-,-,-,-,-,-,4,36,3,12,-,-,-,-,-,-,1,4,2,8,-,-,-,-,-,-,-,-,1,24,-,-,1,24,-,-,-,-,-,-,-,-,4,61,-,-,-,-,-,-,-,-,-,-,-,-,-,-,2,26,-,-,-,-,2,26,-,-,1,25,1,25,-,-,1,10,-,-,-,-,-,-,-,-,-,-,-,-,-,-,-,-,1,10,-,-,-,-,-,-,9,46,1,1,1,1,-,-,-,-,6,30,6,30,-,-,-,-,-,-,-,-,2,15,-,-,-,-,1,7,1,8,10,122,1,60,1,1,-,-,1,1,1,2,1,2,-,-,-,-,-,-,3,18,1,2,1,2,1,14,-,-,4,41,1,23,-,-,1,3,1,13,1,2,-,-,-,-,-,-,-,-,2,4,-,-,-,-,-,-,-,-,-,-,1,2,1,2,1,2,-,-,-,-,-,-,15,87,3,6,1,3,-,-,1,1,1,2,-,-,-,-,-,-,-,-,-,-,6,60,1,10,-,-,5,50,-,-,-,-,-,-,-,-,-,-,-,-,-,-,-,-,2,8,-,-,-,-,-,-,2,8,-,-,-,-,-,-,-,-,1,5,-,-,1,5,3,8,-,-,-,-,-,-,-,-,-,-,-,-,-,-,-,-,3,8,2,22,2,22,-,-,-,-,-,-,-,-,2,22,-,-,-,-
6,13202,1320201503,立川市,立川市柴崎町,3丁目,立川市柴崎町3丁目,-,-,-,-,-,-,-,-,-,-,-,-,-,-,-,-,-,-,-,-,-,-,-,-,-,-,-,-,-,-,-,-,-,-,-,-,2,33,1,26,1,26,-,-,-,-,-,-,-,-,-,-,-,-,1,7,-,-,-,-,-,-,1,7,-,-,-,-,-,-,-,-,4,75,3,74,-,-,1,8,-,-,-,-,2,66,-,-,-,-,-,-,-,-,-,-,-,-,-,-,-,-,-,-,-,-,-,-,1,1,1,1,-,-,-,-,-,-,-,-,-,-,-,-,-,-,7,27,3,16,-,-,-,-,-,-,2,10,1,6,-,-,-,-,-,-,-,-,4,11,1,1,3,10,-,-,-,-,-,-,-,-,5,68,-,-,-,-,-,-,-,-,-,-,-,-,-,-,1,3,-,-,-,-,1,3,-,-,-,-,-,-,-,-,4,65,-,-,-,-,-,-,-,-,-,-,-,-,2,14,-,-,2,51,1,63,1,63,-,-,32,252,-,-,-,-,-,-,4,28,13,148,12,144,1,4,2,19,1,11,1,8,13,57,4,16,2,8,7,33,-,-,26,502,2,198,2,20,2,20,-,-,2,26,2,26,-,-,-,-,-,-,4,21,2,12,1,7,1,2,-,-,16,237,5,119,-,-,-,-,1,5,5,56,1,2,-,-,-,-,4,55,3,11,1,3,-,-,-,-,-,-,1,3,-,-,2,8,2,8,-,-,-,-,-,-,40,254,1,8,1,8,-,-,-,-,-,-,1,5,-,-,-,-,1,5,-,-,14,112,3,43,-,-,5,25,6,44,-,-,-,-,-,-,-,-,-,-,-,-,-,-,5,16,3,4,-,-,-,-,2,12,5,22,3,8,2,14,-,-,3,25,-,-,3,25,11,66,-,-,1,3,3,16,-,-,4,25,-,-,-,-,-,-,3,22,2,20,2,20,-,-,-,-,-,-,2,20,-,-,-,-,-,-
6,13202,1320201504,立川市,立川市柴崎町,4丁目,立川市柴崎町4丁目,-,-,-,-,-,-,2,33,-,-,-,-,-,-,-,-,2,33,-,-,2,33,-,-,-,-,-,-,-,-,-,-,-,-,-,-,-,-,-,-,-,-,-,-,-,-,-,-,-,-,-,-,-,-,-,-,-,-,-,-,-,-,-,-,-,-,-,-,-,-,-,-,-,-,-,-,-,-,-,-,-,-,-,-,-,-,-,-,-,-,-,-,-,-,-,-,-,-,-,-,-,-,-,-,-,-,-,-,-,-,-,-,-,-,-,-,-,-,-,-,-,-,-,-,-,-,-,-,-,-,-,-,-,-,-,-,-,-,-,-,-,-,-,-,-,-,-,-,-,-,-,-,-,-,-,-,-,-,-,-,-,-,-,-,-,-,-,-,-,-,-,-,-,-,-,-,-,-,-,-,-,-,-,-,-,-,-,-,-,-,-,-,-,-,-,-,-,-,-,-,-,-,-,-,-,-,-,-,-,-,-,-,-,-,-,-,-,-,-,-,1,3,1,3,1,3,-,-,-,-,-,-,-,-,-,-,-,-,-,-,-,-,-,-,-,-,-,-,-,-,-,-,3,9,-,-,-,-,-,-,-,-,-,-,-,-,-,-,-,-,1,2,1,5,-,-,1,5,-,-,-,-,1,2,-,-,1,2,-,-,-,-,-,-,-,-,-,-,-,-,-,-,2,10,-,-,-,-,-,-,-,-,-,-,-,-,2,10,2,10,-,-,-,-,-,-,2,6,-,-,-,-,-,-,-,-,-,-,-,-,-,-,-,-,-,-,-,-,1,2,-,-,1,2,-,-,-,-,-,-,-,-,-,-,-,-,-,-,-,-,-,-,-,-,-,-,-,-,-,-,-,-,-,-,-,-,-,-,-,-,-,-,-,-,-,-,1,4,-,-,-,-,-,-,-,-,-,-,-,-,-,-,-,-,1,4,-,-,-,-,-,-,-,-,-,-,-,-,-,-,-,-,-,-
6,13202,1320201505,立川市,立川市柴崎町,5丁目,立川市柴崎町5丁目,-,-,-,-,-,-,-,-,-,-,-,-,-,-,-,-,-,-,-,-,-,-,-,-,-,-,-,-,-,-,-,-,-,-,-,-,1,4,-,-,-,-,-,-,-,-,-,-,-,-,-,-,-,-,1,4,-,-,-,-,-,-,-,-,-,-,-,-,-,-,1,4,-,-,-,-,-,-,-,-,-,-,-,-,-,-,-,-,-,-,-,-,-,-,-,-,-,-,-,-,-,-,-,-,-,-,-,-,-,-,-,-,-,-,-,-,-,-,-,-,-,-,-,-,-,-,1,3,-,-,-,-,-,-,-,-,-,-,-,-,1,3,1,3,-,-,-,-,-,-,-,-,-,-,-,-,-,-,-,-,-,-,-,-,-,-,-,-,-,-,-,-,-,-,-,-,-,-,-,-,-,-,-,-,-,-,-,-,-,-,-,-,-,-,-,-,-,-,-,-,-,-,-,-,-,-,-,-,-,-,-,-,-,-,-,-,-,-,-,-,-,-,-,-,-,-,-,-,-,-,-,-,-,-,-,-,-,-,-,-,-,-,-,-,-,-,-,-,-,-,-,-,1,2,-,-,-,-,-,-,-,-,-,-,-,-,-,-,-,-,-,-,-,-,-,-,-,-,-,-,-,-,1,2,-,-,1,2,-,-,-,-,-,-,-,-,-,-,-,-,-,-,1,3,1,3,-,-,-,-,1,3,-,-,-,-,-,-,-,-,-,-,-,-,-,-,-,-,-,-,-,-,-,-,-,-,-,-,-,-,-,-,-,-,-,-,-,-,-,-,-,-,-,-,-,-,-,-,-,-,-,-,-,-,-,-,-,-,-,-,-,-,-,-,-,-,-,-,-,-,-,-,-,-,-,-,-,-,-,-,-,-,-,-,-,-,-,-,-,-,-,-,-,-,-,-,-,-,-,-,-,-,-,-,-,-,-,-,-,-,-,-,-,-,-,-,-,-,-,-,-,-,-,-
6,13202,1320201506,立川市,立川市柴崎町,6丁目,立川市柴崎町6丁目,-,-,-,-,-,-,-,-,-,-,-,-,-,-,-,-,-,-,-,-,-,-,-,-,-,-,-,-,-,-,-,-,-,-,-,-,-,-,-,-,-,-,-,-,-,-,-,-,-,-,-,-,-,-,-,-,-,-,-,-,-,-,-,-,-,-,-,-,-,-,-,-,1,14,-,-,-,-,-,-,-,-,-,-,-,-,-,-,-,-,-,-,-,-,-,-,-,-,-,-,-,-,-,-,-,-,-,-,-,-,-,-,-,-,1,14,-,-,1,14,-,-,-,-,-,-,2,12,1,3,-,-,-,-,1,3,-,-,-,-,-,-,-,-,-,-,-,-,1,9,1,9,-,-,-,-,-,-,-,-,-,-,1,2,-,-,-,-,-,-,-,-,-,-,-,-,-,-,-,-,-,-,-,-,-,-,-,-,-,-,-,-,-,-,1,2,-,-,-,-,-,-,-,-,-,-,-,-,-,-,-,-,1,2,-,-,-,-,-,-,-,-,-,-,-,-,-,-,-,-,-,-,-,-,-,-,-,-,-,-,-,-,-,-,-,-,-,-,-,-,-,-,-,-,-,-,-,-,-,-,-,-,-,-,-,-,-,-,-,-,-,-,-,-,-,-,-,-,-,-,-,-,-,-,-,-,-,-,-,-,-,-,-,-,-,-,-,-,-,-,-,-,3,26,1,11,1,11,-,-,-,-,-,-,2,15,-,-,-,-,-,-,-,-,-,-,1,5,-,-,-,-,-,-,-,-,-,-,-,-,-,-,-,-,-,-,-,-,-,-,-,-,-,-,-,-,-,-,-,-,-,-,-,-,-,-,1,5,1,5,-,-,-,-,-,-,-,-,-,-,-,-,-,-,-,-,-,-,-,-,-,-,-,-,-,-,-,-,-,-,-,-,-,-,-,-,-,-,-,-,-,-,-,-,-,-,-,-,-,-,-,-,-,-,-,-,-,-,-,-,-,-,-,-
5,13202,1320200400,立川市,立川市砂川町,,立川市砂川町,-,-,-,-,-,-,-,-,-,-,-,-,-,-,-,-,-,-,-,-,-,-,-,-,-,-,-,-,-,-,-,-,-,-,-,-,3,49,1,28,-,-,-,-,-,-,-,-,-,-,-,-,1,28,2,21,1,3,-,-,-,-,-,-,-,-,-,-,-,-,1,18,4,25,2,20,1,3,-,-,-,-,-,-,1,17,1,2,-,-,-,-,1,2,-,-,-,-,-,-,-,-,-,-,-,-,-,-,-,-,-,-,-,-,1,3,-,-,-,-,-,-,1,3,-,-,4,18,2,3,-,-,1,1,-,-,-,-,1,2,1,5,1,5,-,-,-,-,1,10,-,-,1,10,-,-,-,-,-,-,-,-,2,102,-,-,-,-,-,-,-,-,-,-,-,-,-,-,-,-,-,-,-,-,-,-,-,-,-,-,-,-,-,-,2,102,-,-,-,-,1,99,-,-,-,-,1,3,-,-,-,-,-,-,-,-,-,-,-,-,2,2,1,1,1,1,-,-,-,-,1,1,1,1,-,-,-,-,-,-,-,-,-,-,-,-,-,-,-,-,-,-,9,65,1,2,1,3,1,3,-,-,-,-,-,-,-,-,-,-,-,-,1,6,-,-,-,-,1,6,-,-,6,54,3,49,-,-,-,-,-,-,-,-,1,2,1,2,-,-,1,1,4,12,-,-,-,-,-,-,-,-,-,-,1,1,3,11,3,11,-,-,-,-,-,-,9,72,-,-,-,-,-,-,-,-,-,-,-,-,-,-,-,-,-,-,-,-,2,37,1,32,-,-,1,5,-,-,-,-,-,-,-,-,-,-,4,24,2,14,2,10,-,-,-,-,-,-,-,-,-,-,1,2,1,2,-,-,-,-,-,-,-,-,-,-,2,9,-,-,-,-,1,3,1,6,-,-,-,-,-,-,-,-,-,-,3,20,2,15,-,-,-,-,-,-,1,2,1,13,-,-,1,5
6,13202,1320200401,立川市,立川市砂川町,1丁目,立川市砂川町1丁目,-,-,-,-,-,-,-,-,-,-,-,-,-,-,-,-,-,-,-,-,-,-,-,-,-,-,-,-,-,-,-,-,-,-,-,-,-,-,-,-,-,-,-,-,-,-,-,-,-,-,-,-,-,-,-,-,-,-,-,-,-,-,-,-,-,-,-,-,-,-,-,-,1,3,-,-,-,-,-,-,-,-,-,-,-,-,-,-,-,-,-,-,-,-,-,-,-,-,-,-,-,-,-,-,-,-,-,-,-,-,-,-,-,-,1,3,-,-,-,-,-,-,1,3,-,-,-,-,-,-,-,-,-,-,-,-,-,-,-,-,-,-,-,-,-,-,-,-,-,-,-,-,-,-,-,-,-,-,-,-,-,-,-,-,-,-,-,-,-,-,-,-,-,-,-,-,-,-,-,-,-,-,-,-,-,-,-,-,-,-,-,-,-,-,-,-,-,-,-,-,-,-,-,-,-,-,-,-,-,-,-,-,-,-,-,-,-,-,-,-,-,-,-,-,-,-,-,-,-,-,-,-,-,-,-,-,-,-,-,-,-,-,-,-,-,-,-,-,-,-,-,-,1,1,-,-,-,-,-,-,-,-,-,-,-,-,-,-,-,-,-,-,-,-,-,-,-,-,-,-,-,-,1,1,-,-,-,-,-,-,-,-,-,-,-,-,-,-,-,-,1,1,2,3,-,-,-,-,-,-,-,-,-,-,1,1,1,2,1,2,-,-,-,-,-,-,3,41,-,-,-,-,-,-,-,-,-,-,-,-,-,-,-,-,-,-,-,-,1,32,1,32,-,-,-,-,-,-,-,-,-,-,-,-,-,-,-,-,-,-,-,-,-,-,-,-,-,-,-,-,-,-,-,-,-,-,-,-,-,-,-,-,-,-,-,-,2,9,-,-,-,-,1,3,1,6,-,-,-,-,-,-,-,-,-,-,-,-,-,-,-,-,-,-,-,-,-,-,-,-,-,-,-,-
6,13202,1320200402,立川市,立川市砂川町,2丁目,立川市砂川町2丁目,-,-,-,-,-,-,-,-,-,-,-,-,-,-,-,-,-,-,-,-,-,-,-,-,-,-,-,-,-,-,-,-,-,-,-,-,-,-,-,-,-,-,-,-,-,-,-,-,-,-,-,-,-,-,-,-,-,-,-,-,-,-,-,-,-,-,-,-,-,-,-,-,1,2,-,-,-,-,-,-,-,-,-,-,-,-,1,2,-,-,-,-,1,2,-,-,-,-,-,-,-,-,-,-,-,-,-,-,-,-,-,-,-,-,-,-,-,-,-,-,-,-,-,-,-,-,1,10,-,-,-,-,-,-,-,-,-,-,-,-,-,-,-,-,-,-,-,-,1,10,-,-,1,10,-,-,-,-,-,-,-,-,-,-,-,-,-,-,-,-,-,-,-,-,-,-,-,-,-,-,-,-,-,-,-,-,-,-,-,-,-,-,-,-,-,-,-,-,-,-,-,-,-,-,-,-,-,-,-,-,-,-,-,-,-,-,-,-,-,-,-,-,-,-,-,-,-,-,-,-,-,-,-,-,-,-,-,-,-,-,-,-,-,-,-,-,-,-,-,-,-,-,2,5,1,2,1,3,1,3,-,-,-,-,-,-,-,-,-,-,-,-,-,-,-,-,-,-,-,-,-,-,-,-,-,-,-,-,-,-,-,-,-,-,-,-,-,-,-,-,-,-,1,7,-,-,-,-,-,-,-,-,-,-,-,-,1,7,1,7,-,-,-,-,-,-,1,7,-,-,-,-,-,-,-,-,-,-,-,-,-,-,-,-,-,-,-,-,-,-,-,-,-,-,-,-,-,-,-,-,-,-,-,-,-,-,1,7,-,-,1,7,-,-,-,-,-,-,-,-,-,-,-,-,-,-,-,-,-,-,-,-,-,-,-,-,-,-,-,-,-,-,-,-,-,-,-,-,-,-,-,-,-,-,-,-,-,-,-,-,-,-,-,-,-,-,-,-,-,-,-,-,-,-
6,13202,1320200403,立川市,立川市砂川町,3丁目,立川市砂川町3丁目,-,-,-,-,-,-,-,-,-,-,-,-,-,-,-,-,-,-,-,-,-,-,-,-,-,-,-,-,-,-,-,-,-,-,-,-,1,28,1,28,-,-,-,-,-,-,-,-,-,-,-,-,1,28,-,-,-,-,-,-,-,-,-,-,-,-,-,-,-,-,-,-,1,17,1,17,-,-,-,-,-,-,-,-,1,17,-,-,-,-,-,-,-,-,-,-,-,-,-,-,-,-,-,-,-,-,-,-,-,-,-,-,-,-,-,-,-,-,-,-,-,-,-,-,-,-,2,6,1,1,-,-,1,1,-,-,-,-,-,-,1,5,1,5,-,-,-,-,-,-,-,-,-,-,-,-,-,-,-,-,-,-,-,-,-,-,-,-,-,-,-,-,-,-,-,-,-,-,-,-,-,-,-,-,-,-,-,-,-,-,-,-,-,-,-,-,-,-,-,-,-,-,-,-,-,-,-,-,-,-,-,-,-,-,-,-,-,-,-,-,-,-,-,-,-,-,-,-,-,-,-,-,-,-,-,-,-,-,-,-,-,-,-,-,-,-,-,-,-,-,-,-,3,29,-,-,-,-,-,-,-,-,-,-,-,-,-,-,-,-,-,-,-,-,-,-,-,-,-,-,-,-,3,29,1,25,-,-,-,-,-,-,-,-,1,2,1,2,-,-,-,-,-,-,-,-,-,-,-,-,-,-,-,-,-,-,-,-,-,-,-,-,-,-,-,-,2,5,-,-,-,-,-,-,-,-,-,-,-,-,-,-,-,-,-,-,-,-,-,-,-,-,-,-,-,-,-,-,-,-,-,-,-,-,-,-,2,5,1,2,1,3,-,-,-,-,-,-,-,-,-,-,-,-,-,-,-,-,-,-,-,-,-,-,-,-,-,-,-,-,-,-,-,-,-,-,-,-,-,-,-,-,-,-,-,-,-,-,-,-,-,-,-,-,-,-,-,-,-,-,-,-,-,-
6,13202,1320200404,立川市,立川市砂川町,4丁目,立川市砂川町4丁目,-,-,-,-,-,-,-,-,-,-,-,-,-,-,-,-,-,-,-,-,-,-,-,-,-,-,-,-,-,-,-,-,-,-,-,-,-,-,-,-,-,-,-,-,-,-,-,-,-,-,-,-,-,-,-,-,-,-,-,-,-,-,-,-,-,-,-,-,-,-,-,-,-,-,-,-,-,-,-,-,-,-,-,-,-,-,-,-,-,-,-,-,-,-,-,-,-,-,-,-,-,-,-,-,-,-,-,-,-,-,-,-,-,-,-,-,-,-,-,-,-,-,-,-,-,-,-,-,-,-,-,-,-,-,-,-,-,-,-,-,-,-,-,-,-,-,-,-,-,-,-,-,-,-,-,-,-,-,-,-,-,-,1,3,-,-,-,-,-,-,-,-,-,-,-,-,-,-,-,-,-,-,-,-,-,-,-,-,-,-,-,-,-,-,1,3,-,-,-,-,-,-,-,-,-,-,1,3,-,-,-,-,-,-,-,-,-,-,-,-,-,-,-,-,-,-,-,-,-,-,-,-,-,-,-,-,-,-,-,-,-,-,-,-,-,-,-,-,-,-,-,-,-,-,-,-,-,-,-,-,-,-,-,-,-,-,-,-,-,-,-,-,-,-,-,-,-,-,-,-,-,-,-,-,-,-,-,-,-,-,-,-,-,-,-,-,-,-,-,-,-,-,-,-,-,-,-,-,-,-,-,-,-,-,-,-,-,-,-,-,-,-,-,-,-,-,2,14,-,-,-,-,-,-,-,-,-,-,-,-,-,-,-,-,-,-,-,-,-,-,-,-,-,-,-,-,-,-,-,-,-,-,-,-,-,-,1,12,1,12,-,-,-,-,-,-,-,-,-,-,-,-,1,2,1,2,-,-,-,-,-,-,-,-,-,-,-,-,-,-,-,-,-,-,-,-,-,-,-,-,-,-,-,-,-,-,2,18,1,13,-,-,-,-,-,-,-,-,1,13,-,-,1,5
6,13202,1320200405,立川市,立川市砂川町,5丁目,立川市砂川町5丁目,-,-,-,-,-,-,-,-,-,-,-,-,-,-,-,-,-,-,-,-,-,-,-,-,-,-,-,-,-,-,-,-,-,-,-,-,1,3,-,-,-,-,-,-,-,-,-,-,-,-,-,-,-,-,1,3,1,3,-,-,-,-,-,-,-,-,-,-,-,-,-,-,-,-,-,-,-,-,-,-,-,-,-,-,-,-,-,-,-,-,-,-,-,-,-,-,-,-,-,-,-,-,-,-,-,-,-,-,-,-,-,-,-,-,-,-,-,-,-,-,-,-,-,-,-,-,-,-,-,-,-,-,-,-,-,-,-,-,-,-,-,-,-,-,-,-,-,-,-,-,-,-,-,-,-,-,-,-,-,-,-,-,-,-,-,-,-,-,-,-,-,-,-,-,-,-,-,-,-,-,-,-,-,-,-,-,-,-,-,-,-,-,-,-,-,-,-,-,-,-,-,-,-,-,-,-,-,-,-,-,-,-,-,-,-,-,-,-,-,-,1,1,-,-,-,-,-,-,-,-,1,1,1,1,-,-,-,-,-,-,-,-,-,-,-,-,-,-,-,-,-,-,1,22,-,-,-,-,-,-,-,-,-,-,-,-,-,-,-,-,-,-,-,-,-,-,-,-,-,-,-,-,1,22,1,22,-,-,-,-,-,-,-,-,-,-,-,-,-,-,-,-,-,-,-,-,-,-,-,-,-,-,-,-,-,-,-,-,-,-,-,-,-,-,-,-,-,-,-,-,-,-,-,-,-,-,-,-,-,-,-,-,-,-,-,-,-,-,-,-,-,-,-,-,-,-,-,-,-,-,-,-,-,-,-,-,-,-,-,-,-,-,-,-,-,-,-,-,-,-,-,-,-,-,-,-,-,-,-,-,-,-,-,-,-,-,-,-,-,-,-,-,-,-,-,-,-,-,-,-,-,-,-,-,-,-,-,-,-,-,-,-,-,-,-,-,-,-,-,-,-,-,-,-
6,13202,1320200406,立川市,立川市砂川町,6丁目,立川市砂川町6丁目,-,-,-,-,-,-,-,-,-,-,-,-,-,-,-,-,-,-,-,-,-,-,-,-,-,-,-,-,-,-,-,-,-,-,-,-,-,-,-,-,-,-,-,-,-,-,-,-,-,-,-,-,-,-,-,-,-,-,-,-,-,-,-,-,-,-,-,-,-,-,-,-,-,-,-,-,-,-,-,-,-,-,-,-,-,-,-,-,-,-,-,-,-,-,-,-,-,-,-,-,-,-,-,-,-,-,-,-,-,-,-,-,-,-,-,-,-,-,-,-,-,-,-,-,-,-,-,-,-,-,-,-,-,-,-,-,-,-,-,-,-,-,-,-,-,-,-,-,-,-,-,-,-,-,-,-,-,-,-,-,-,-,-,-,-,-,-,-,-,-,-,-,-,-,-,-,-,-,-,-,-,-,-,-,-,-,-,-,-,-,-,-,-,-,-,-,-,-,-,-,-,-,-,-,-,-,-,-,-,-,-,-,-,-,-,-,-,-,-,-,-,-,-,-,-,-,-,-,-,-,-,-,-,-,-,-,-,-,-,-,-,-,-,-,-,-,-,-,-,-,-,-,1,2,-,-,-,-,-,-,-,-,-,-,-,-,-,-,-,-,-,-,-,-,-,-,-,-,-,-,-,-,1,2,1,2,-,-,-,-,-,-,-,-,-,-,-,-,-,-,-,-,-,-,-,-,-,-,-,-,-,-,-,-,-,-,-,-,-,-,-,-,-,-,-,-,-,-,-,-,-,-,-,-,-,-,-,-,-,-,-,-,-,-,-,-,-,-,-,-,-,-,-,-,-,-,-,-,-,-,-,-,-,-,-,-,-,-,-,-,-,-,-,-,-,-,-,-,-,-,-,-,-,-,-,-,-,-,-,-,-,-,-,-,-,-,-,-,-,-,-,-,-,-,-,-,-,-,-,-,-,-,-,-,-,-,-,-,-,-,-,-,-,-,-,-,-,-,-,-,-,-,-,-
6,13202,1320200407,立川市,立川市砂川町,7丁目,立川市砂川町7丁目,-,-,-,-,-,-,-,-,-,-,-,-,-,-,-,-,-,-,-,-,-,-,-,-,-,-,-,-,-,-,-,-,-,-,-,-,-,-,-,-,-,-,-,-,-,-,-,-,-,-,-,-,-,-,-,-,-,-,-,-,-,-,-,-,-,-,-,-,-,-,-,-,1,3,1,3,1,3,-,-,-,-,-,-,-,-,-,-,-,-,-,-,-,-,-,-,-,-,-,-,-,-,-,-,-,-,-,-,-,-,-,-,-,-,-,-,-,-,-,-,-,-,-,-,-,-,1,2,1,2,-,-,-,-,-,-,-,-,1,2,-,-,-,-,-,-,-,-,-,-,-,-,-,-,-,-,-,-,-,-,-,-,-,-,-,-,-,-,-,-,-,-,-,-,-,-,-,-,-,-,-,-,-,-,-,-,-,-,-,-,-,-,-,-,-,-,-,-,-,-,-,-,-,-,-,-,-,-,-,-,-,-,-,-,-,-,-,-,-,-,-,-,-,-,-,-,-,-,-,-,-,-,-,-,-,-,-,-,-,-,-,-,-,-,-,-,-,-,-,-,-,-,1,6,-,-,-,-,-,-,-,-,-,-,-,-,-,-,-,-,-,-,1,6,-,-,-,-,1,6,-,-,-,-,-,-,-,-,-,-,-,-,-,-,-,-,-,-,-,-,-,-,1,2,-,-,-,-,-,-,-,-,-,-,-,-,1,2,1,2,-,-,-,-,-,-,1,5,-,-,-,-,-,-,-,-,-,-,-,-,-,-,-,-,-,-,-,-,1,5,-,-,-,-,1,5,-,-,-,-,-,-,-,-,-,-,-,-,-,-,-,-,-,-,-,-,-,-,-,-,-,-,-,-,-,-,-,-,-,-,-,-,-,-,-,-,-,-,-,-,-,-,-,-,-,-,-,-,-,-,-,-,-,-,-,-,1,2,1,2,-,-,-,-,-,-,1,2,-,-,-,-,-,-
6,13202,1320200408,立川市,立川市砂川町,8丁目,立川市砂川町8丁目,-,-,-,-,-,-,-,-,-,-,-,-,-,-,-,-,-,-,-,-,-,-,-,-,-,-,-,-,-,-,-,-,-,-,-,-,1,18,-,-,-,-,-,-,-,-,-,-,-,-,-,-,-,-,1,18,-,-,-,-,-,-,-,-,-,-,-,-,-,-,1,18,-,-,-,-,-,-,-,-,-,-,-,-,-,-,-,-,-,-,-,-,-,-,-,-,-,-,-,-,-,-,-,-,-,-,-,-,-,-,-,-,-,-,-,-,-,-,-,-,-,-,-,-,-,-,-,-,-,-,-,-,-,-,-,-,-,-,-,-,-,-,-,-,-,-,-,-,-,-,-,-,-,-,-,-,-,-,-,-,-,-,1,99,-,-,-,-,-,-,-,-,-,-,-,-,-,-,-,-,-,-,-,-,-,-,-,-,-,-,-,-,-,-,1,99,-,-,-,-,1,99,-,-,-,-,-,-,-,-,-,-,-,-,-,-,-,-,-,-,1,1,1,1,1,1,-,-,-,-,-,-,-,-,-,-,-,-,-,-,-,-,-,-,-,-,-,-,-,-,-,-,-,-,-,-,-,-,-,-,-,-,-,-,-,-,-,-,-,-,-,-,-,-,-,-,-,-,-,-,-,-,-,-,-,-,-,-,-,-,-,-,-,-,-,-,-,-,-,-,-,-,-,-,-,-,-,-,-,-,-,-,-,-,-,-,-,-,-,-,-,-,-,-,-,-,-,-,-,-,-,-,-,-,-,-,-,-,-,-,-,-,-,-,-,-,-,-,-,-,-,-,-,-,-,-,-,-,-,-,-,-,-,-,-,-,-,-,-,-,-,-,-,-,-,-,-,-,-,-,-,-,-,-,-,-,-,-,-,-,-,-,-,-,-,-,-,-,-,-,-,-,-,-,-,-,-,-,-,-,-,-,-,-,-,-,-,-,-,-,-,-,-,-,-,-,-,-,-,-,-,-,-,-
5,13202,1320201100,立川市,立川市高松町,,立川市高松町,-,-,-,-,-,-,-,-,-,-,-,-,-,-,-,-,-,-,-,-,-,-,-,-,-,-,-,-,-,-,-,-,-,-,-,-,3,38,1,9,-,-,-,-,1,9,-,-,-,-,-,-,-,-,2,29,-,-,2,29,-,-,-,-,-,-,-,-,-,-,-,-,-,-,-,-,-,-,-,-,-,-,-,-,-,-,-,-,-,-,-,-,-,-,-,-,-,-,-,-,-,-,-,-,-,-,-,-,-,-,-,-,-,-,-,-,-,-,-,-,-,-,-,-,-,-,5,71,2,36,-,-,-,-,-,-,2,36,-,-,-,-,-,-,-,-,-,-,3,35,-,-,3,35,-,-,-,-,-,-,-,-,7,36,1,18,1,18,-,-,-,-,-,-,-,-,-,-,2,10,1,7,-,-,1,3,-,-,2,4,-,-,2,4,2,4,-,-,-,-,-,-,-,-,-,-,1,3,-,-,-,-,1,1,-,-,-,-,-,-,4,38,-,-,-,-,-,-,2,6,1,1,1,1,-,-,1,31,1,31,-,-,-,-,-,-,-,-,-,-,-,-,12,59,-,-,1,2,1,2,-,-,-,-,-,-,-,-,-,-,2,7,1,4,1,4,-,-,-,-,-,-,8,46,2,34,1,2,-,-,-,-,-,-,3,6,2,4,-,-,-,-,6,21,-,-,-,-,-,-,-,-,-,-,4,6,2,15,1,5,-,-,-,-,1,10,18,86,1,1,-,-,-,-,1,1,-,-,1,3,-,-,-,-,-,-,1,3,5,17,-,-,-,-,5,17,-,-,-,-,-,-,-,-,-,-,-,-,-,-,-,-,4,50,1,3,1,10,1,36,1,1,3,8,1,1,-,-,2,7,2,3,-,-,2,3,2,4,-,-,-,-,2,4,-,-,-,-,-,-,-,-,-,-,-,-,1,2,1,2,-,-,-,-,1,2,-,-,-,-,-,-,-,-
6,13202,1320201101,立川市,立川市高松町,1丁目,立川市高松町1丁目,-,-,-,-,-,-,-,-,-,-,-,-,-,-,-,-,-,-,-,-,-,-,-,-,-,-,-,-,-,-,-,-,-,-,-,-,2,29,-,-,-,-,-,-,-,-,-,-,-,-,-,-,-,-,2,29,-,-,2,29,-,-,-,-,-,-,-,-,-,-,-,-,-,-,-,-,-,-,-,-,-,-,-,-,-,-,-,-,-,-,-,-,-,-,-,-,-,-,-,-,-,-,-,-,-,-,-,-,-,-,-,-,-,-,-,-,-,-,-,-,-,-,-,-,-,-,2,29,-,-,-,-,-,-,-,-,-,-,-,-,-,-,-,-,-,-,-,-,2,29,-,-,2,29,-,-,-,-,-,-,-,-,3,22,1,18,1,18,-,-,-,-,-,-,-,-,-,-,-,-,-,-,-,-,-,-,-,-,2,4,-,-,2,4,-,-,-,-,-,-,-,-,-,-,-,-,-,-,-,-,-,-,-,-,-,-,-,-,-,-,-,-,-,-,-,-,-,-,-,-,-,-,-,-,-,-,-,-,-,-,-,-,-,-,-,-,-,-,-,-,-,-,-,-,-,-,-,-,-,-,-,-,-,-,-,-,-,-,-,-,-,-,-,-,-,-,-,-,-,-,-,-,-,-,-,-,-,-,-,-,-,-,-,-,-,-,-,-,-,-,-,-,-,-,-,-,-,-,-,-,-,-,-,-,-,-,-,-,-,-,-,-,-,-,-,-,1,10,-,-,-,-,-,-,-,-,-,-,-,-,-,-,-,-,-,-,-,-,-,-,-,-,-,-,-,-,-,-,-,-,-,-,-,-,-,-,-,-,-,-,-,-,1,10,-,-,1,10,-,-,-,-,-,-,-,-,-,-,-,-,-,-,-,-,-,-,-,-,-,-,-,-,-,-,-,-,-,-,-,-,-,-,-,-,-,-,1,2,1,2,-,-,-,-,1,2,-,-,-,-,-,-,-,-
6,13202,1320201102,立川市,立川市高松町,2丁目,立川市高松町2丁目,-,-,-,-,-,-,-,-,-,-,-,-,-,-,-,-,-,-,-,-,-,-,-,-,-,-,-,-,-,-,-,-,-,-,-,-,1,9,1,9,-,-,-,-,1,9,-,-,-,-,-,-,-,-,-,-,-,-,-,-,-,-,-,-,-,-,-,-,-,-,-,-,-,-,-,-,-,-,-,-,-,-,-,-,-,-,-,-,-,-,-,-,-,-,-,-,-,-,-,-,-,-,-,-,-,-,-,-,-,-,-,-,-,-,-,-,-,-,-,-,-,-,-,-,-,-,-,-,-,-,-,-,-,-,-,-,-,-,-,-,-,-,-,-,-,-,-,-,-,-,-,-,-,-,-,-,-,-,-,-,-,-,1,3,-,-,-,-,-,-,-,-,-,-,-,-,-,-,1,3,-,-,-,-,1,3,-,-,-,-,-,-,-,-,-,-,-,-,-,-,-,-,-,-,-,-,-,-,-,-,-,-,-,-,-,-,-,-,-,-,3,37,-,-,-,-,-,-,2,6,-,-,-,-,-,-,1,31,1,31,-,-,-,-,-,-,-,-,-,-,-,-,5,29,-,-,1,2,1,2,-,-,-,-,-,-,-,-,-,-,1,2,-,-,-,-,-,-,-,-,-,-,3,25,1,21,1,2,-,-,-,-,-,-,-,-,1,2,-,-,-,-,5,19,-,-,-,-,-,-,-,-,-,-,3,4,2,15,1,5,-,-,-,-,1,10,9,49,1,1,-,-,-,-,1,1,-,-,-,-,-,-,-,-,-,-,-,-,3,7,-,-,-,-,3,7,-,-,-,-,-,-,-,-,-,-,-,-,-,-,-,-,2,37,-,-,-,-,1,36,1,1,1,1,1,1,-,-,-,-,1,1,-,-,1,1,1,2,-,-,-,-,1,2,-,-,-,-,-,-,-,-,-,-,-,-,-,-,-,-,-,-,-,-,-,-,-,-,-,-,-,-,-,-
6,13202,1320201103,立川市,立川市高松町,3丁目,立川市高松町3丁目,-,-,-,-,-,-,-,-,-,-,-,-,-,-,-,-,-,-,-,-,-,-,-,-,-,-,-,-,-,-,-,-,-,-,-,-,-,-,-,-,-,-,-,-,-,-,-,-,-,-,-,-,-,-,-,-,-,-,-,-,-,-,-,-,-,-,-,-,-,-,-,-,-,-,-,-,-,-,-,-,-,-,-,-,-,-,-,-,-,-,-,-,-,-,-,-,-,-,-,-,-,-,-,-,-,-,-,-,-,-,-,-,-,-,-,-,-,-,-,-,-,-,-,-,-,-,3,42,2,36,-,-,-,-,-,-,2,36,-,-,-,-,-,-,-,-,-,-,1,6,-,-,1,6,-,-,-,-,-,-,-,-,3,11,-,-,-,-,-,-,-,-,-,-,-,-,-,-,1,7,1,7,-,-,-,-,-,-,-,-,-,-,-,-,2,4,-,-,-,-,-,-,-,-,-,-,1,3,-,-,-,-,1,1,-,-,-,-,-,-,1,1,-,-,-,-,-,-,-,-,1,1,1,1,-,-,-,-,-,-,-,-,-,-,-,-,-,-,-,-,-,-,7,30,-,-,-,-,-,-,-,-,-,-,-,-,-,-,-,-,1,5,1,4,1,4,-,-,-,-,-,-,5,21,1,13,-,-,-,-,-,-,-,-,3,6,1,2,-,-,-,-,1,2,-,-,-,-,-,-,-,-,-,-,1,2,-,-,-,-,-,-,-,-,-,-,8,27,-,-,-,-,-,-,-,-,-,-,1,3,-,-,-,-,-,-,1,3,2,10,-,-,-,-,2,10,-,-,-,-,-,-,-,-,-,-,-,-,-,-,-,-,1,3,1,3,-,-,-,-,-,-,2,7,-,-,-,-,2,7,1,2,-,-,1,2,1,2,-,-,-,-,1,2,-,-,-,-,-,-,-,-,-,-,-,-,-,-,-,-,-,-,-,-,-,-,-,-,-,-,-,-,-,-
5,13202,1320201400,立川市,立川市錦町,,立川市錦町,1,8,-,-,1,8,2,14,-,-,-,-,-,-,-,-,-,-,-,-,-,-,-,-,-,-,2,14,-,-,1,4,-,-,1,10,5,62,1,8,1,8,-,-,-,-,-,-,-,-,-,-,-,-,4,54,-,-,-,-,-,-,1,47,-,-,-,-,1,2,2,5,6,31,5,28,-,-,-,-,-,-,-,-,5,28,1,3,1,3,-,-,-,-,-,-,-,-,-,-,-,-,-,-,-,-,-,-,-,-,-,-,-,-,-,-,-,-,-,-,-,-,-,-,-,-,30,496,7,75,-,-,-,-,-,-,1,19,6,56,2,9,-,-,2,9,-,-,14,314,3,14,11,300,7,98,-,-,1,4,6,94,14,241,2,62,1,11,-,-,-,-,1,51,-,-,-,-,4,53,4,53,-,-,-,-,-,-,1,6,-,-,1,6,7,120,-,-,-,-,-,-,-,-,1,68,1,5,-,-,-,-,5,47,-,-,-,-,-,-,7,11,2,5,1,3,1,2,2,2,-,-,-,-,-,-,1,2,1,2,-,-,2,2,1,1,-,-,1,1,-,-,17,157,-,-,-,-,-,-,-,-,-,-,-,-,-,-,-,-,1,2,3,29,1,1,-,-,2,28,-,-,13,126,6,79,-,-,2,5,1,3,1,9,2,8,-,-,-,-,1,22,14,138,9,120,5,105,2,7,-,-,2,8,3,6,2,12,2,12,-,-,-,-,-,-,42,538,4,31,3,16,-,-,-,-,1,15,3,5,1,2,1,2,1,1,-,-,11,55,-,-,1,3,10,52,-,-,-,-,-,-,-,-,-,-,1,370,1,370,-,-,2,5,1,4,1,1,-,-,-,-,6,23,1,2,3,15,2,6,3,6,-,-,3,6,12,43,-,-,2,4,1,2,-,-,1,1,-,-,-,-,2,21,6,15,5,17,3,13,-,-,-,-,2,2,1,11,-,-,1,2,1,2
6,13202,1320201401,立川市,立川市錦町,1丁目,立川市錦町1丁目,-,-,-,-,-,-,1,10,-,-,-,-,-,-,-,-,-,-,-,-,-,-,-,-,-,-,1,10,-,-,-,-,-,-,1,10,2,6,-,-,-,-,-,-,-,-,-,-,-,-,-,-,-,-,2,6,-,-,-,-,-,-,-,-,-,-,-,-,1,2,1,4,1,3,1,3,-,-,-,-,-,-,-,-,1,3,-,-,-,-,-,-,-,-,-,-,-,-,-,-,-,-,-,-,-,-,-,-,-,-,-,-,-,-,-,-,-,-,-,-,-,-,-,-,-,-,14,329,1,17,-,-,-,-,-,-,-,-,1,17,-,-,-,-,-,-,-,-,9,267,2,9,7,258,4,45,-,-,1,4,3,41,3,87,1,11,1,11,-,-,-,-,-,-,-,-,-,-,-,-,-,-,-,-,-,-,-,-,-,-,-,-,-,-,2,76,-,-,-,-,-,-,-,-,1,68,-,-,-,-,-,-,1,8,-,-,-,-,-,-,3,4,-,-,-,-,-,-,2,2,-,-,-,-,-,-,1,2,1,2,-,-,-,-,-,-,-,-,-,-,-,-,7,35,-,-,-,-,-,-,-,-,-,-,-,-,-,-,-,-,-,-,2,3,1,1,-,-,1,2,-,-,5,32,1,18,-,-,2,5,1,3,-,-,1,6,-,-,-,-,-,-,1,7,-,-,-,-,-,-,-,-,-,-,-,-,1,7,1,7,-,-,-,-,-,-,24,76,3,16,3,16,-,-,-,-,-,-,1,1,-,-,-,-,1,1,-,-,5,22,-,-,1,3,4,19,-,-,-,-,-,-,-,-,-,-,-,-,-,-,-,-,2,5,1,4,1,1,-,-,-,-,5,13,1,2,2,5,2,6,2,3,-,-,2,3,6,16,-,-,-,-,-,-,-,-,1,1,-,-,-,-,1,2,4,13,3,14,2,12,-,-,-,-,1,1,1,11,-,-,1,2,-,-
6,13202,1320201402,立川市,立川市錦町,2丁目,立川市錦町2丁目,-,-,-,-,-,-,-,-,-,-,-,-,-,-,-,-,-,-,-,-,-,-,-,-,-,-,-,-,-,-,-,-,-,-,-,-,-,-,-,-,-,-,-,-,-,-,-,-,-,-,-,-,-,-,-,-,-,-,-,-,-,-,-,-,-,-,-,-,-,-,-,-,1,6,1,6,-,-,-,-,-,-,-,-,1,6,-,-,-,-,-,-,-,-,-,-,-,-,-,-,-,-,-,-,-,-,-,-,-,-,-,-,-,-,-,-,-,-,-,-,-,-,-,-,-,-,6,65,2,23,-,-,-,-,-,-,1,19,1,4,-,-,-,-,-,-,-,-,3,12,-,-,3,12,1,30,-,-,-,-,1,30,5,72,-,-,-,-,-,-,-,-,-,-,-,-,-,-,2,39,2,39,-,-,-,-,-,-,-,-,-,-,-,-,3,33,-,-,-,-,-,-,-,-,-,-,-,-,-,-,-,-,3,33,-,-,-,-,-,-,3,6,2,5,1,3,1,2,-,-,-,-,-,-,-,-,-,-,-,-,-,-,1,1,1,1,-,-,-,-,-,-,5,71,-,-,-,-,-,-,-,-,-,-,-,-,-,-,-,-,-,-,1,26,-,-,-,-,1,26,-,-,4,45,3,43,-,-,-,-,-,-,-,-,1,2,-,-,-,-,-,-,2,5,-,-,-,-,-,-,-,-,-,-,2,5,-,-,-,-,-,-,-,-,-,-,3,19,-,-,-,-,-,-,-,-,-,-,-,-,-,-,-,-,-,-,-,-,1,6,-,-,-,-,1,6,-,-,-,-,-,-,-,-,-,-,-,-,-,-,-,-,-,-,-,-,-,-,-,-,-,-,1,10,-,-,1,10,-,-,1,3,-,-,1,3,-,-,-,-,-,-,-,-,-,-,-,-,-,-,-,-,-,-,-,-,-,-,-,-,-,-,-,-,-,-,-,-,-,-,-,-,-,-
6,13202,1320201403,立川市,立川市錦町,3丁目,立川市錦町3丁目,-,-,-,-,-,-,-,-,-,-,-,-,-,-,-,-,-,-,-,-,-,-,-,-,-,-,-,-,-,-,-,-,-,-,-,-,3,56,1,8,1,8,-,-,-,-,-,-,-,-,-,-,-,-,2,48,-,-,-,-,-,-,1,47,-,-,-,-,-,-,1,1,1,7,1,7,-,-,-,-,-,-,-,-,1,7,-,-,-,-,-,-,-,-,-,-,-,-,-,-,-,-,-,-,-,-,-,-,-,-,-,-,-,-,-,-,-,-,-,-,-,-,-,-,-,-,5,66,3,31,-,-,-,-,-,-,-,-,3,31,-,-,-,-,-,-,-,-,2,35,1,5,1,30,-,-,-,-,-,-,-,-,4,26,-,-,-,-,-,-,-,-,-,-,-,-,-,-,2,14,2,14,-,-,-,-,-,-,1,6,-,-,1,6,1,6,-,-,-,-,-,-,-,-,-,-,-,-,-,-,-,-,1,6,-,-,-,-,-,-,-,-,-,-,-,-,-,-,-,-,-,-,-,-,-,-,-,-,-,-,-,-,-,-,-,-,-,-,-,-,-,-,-,-,-,-,-,-,-,-,-,-,-,-,-,-,-,-,-,-,-,-,-,-,-,-,-,-,-,-,-,-,-,-,-,-,-,-,-,-,-,-,-,-,-,-,-,-,-,-,-,-,1,50,1,50,1,50,-,-,-,-,-,-,-,-,-,-,-,-,-,-,-,-,-,-,3,21,1,15,-,-,-,-,-,-,1,15,-,-,-,-,-,-,-,-,-,-,1,5,-,-,-,-,1,5,-,-,-,-,-,-,-,-,-,-,-,-,-,-,-,-,-,-,-,-,-,-,-,-,-,-,-,-,-,-,-,-,-,-,-,-,-,-,-,-,1,1,-,-,-,-,-,-,-,-,-,-,-,-,-,-,-,-,1,1,-,-,-,-,-,-,-,-,-,-,-,-,-,-,-,-,-,-
6,13202,1320201404,立川市,立川市錦町,4丁目,立川市錦町4丁目,1,8,-,-,1,8,-,-,-,-,-,-,-,-,-,-,-,-,-,-,-,-,-,-,-,-,-,-,-,-,-,-,-,-,-,-,-,-,-,-,-,-,-,-,-,-,-,-,-,-,-,-,-,-,-,-,-,-,-,-,-,-,-,-,-,-,-,-,-,-,-,-,1,3,-,-,-,-,-,-,-,-,-,-,-,-,1,3,1,3,-,-,-,-,-,-,-,-,-,-,-,-,-,-,-,-,-,-,-,-,-,-,-,-,-,-,-,-,-,-,-,-,-,-,-,-,2,11,1,4,-,-,-,-,-,-,-,-,1,4,-,-,-,-,-,-,-,-,-,-,-,-,-,-,1,7,-,-,-,-,1,7,1,51,1,51,-,-,-,-,-,-,1,51,-,-,-,-,-,-,-,-,-,-,-,-,-,-,-,-,-,-,-,-,-,-,-,-,-,-,-,-,-,-,-,-,-,-,-,-,-,-,-,-,-,-,-,-,-,-,-,-,-,-,-,-,-,-,-,-,-,-,-,-,-,-,-,-,-,-,-,-,-,-,-,-,-,-,-,-,-,-,1,9,-,-,-,-,-,-,-,-,-,-,-,-,-,-,-,-,-,-,-,-,-,-,-,-,-,-,-,-,1,9,-,-,-,-,-,-,-,-,1,9,-,-,-,-,-,-,-,-,1,1,-,-,-,-,-,-,-,-,-,-,1,1,-,-,-,-,-,-,-,-,-,-,3,19,-,-,-,-,-,-,-,-,-,-,-,-,-,-,-,-,-,-,-,-,3,19,-,-,-,-,3,19,-,-,-,-,-,-,-,-,-,-,-,-,-,-,-,-,-,-,-,-,-,-,-,-,-,-,-,-,-,-,-,-,-,-,-,-,-,-,-,-,-,-,-,-,-,-,-,-,-,-,-,-,-,-,-,-,-,-,-,-,-,-,-,-,-,-,-,-,-,-,-,-,-,-,-,-,-,-
6,13202,1320201405,立川市,立川市錦町,5丁目,立川市錦町5丁目,-,-,-,-,-,-,-,-,-,-,-,-,-,-,-,-,-,-,-,-,-,-,-,-,-,-,-,-,-,-,-,-,-,-,-,-,-,-,-,-,-,-,-,-,-,-,-,-,-,-,-,-,-,-,-,-,-,-,-,-,-,-,-,-,-,-,-,-,-,-,-,-,1,7,1,7,-,-,-,-,-,-,-,-,1,7,-,-,-,-,-,-,-,-,-,-,-,-,-,-,-,-,-,-,-,-,-,-,-,-,-,-,-,-,-,-,-,-,-,-,-,-,-,-,-,-,1,6,-,-,-,-,-,-,-,-,-,-,-,-,1,6,-,-,1,6,-,-,-,-,-,-,-,-,-,-,-,-,-,-,-,-,1,5,-,-,-,-,-,-,-,-,-,-,-,-,-,-,-,-,-,-,-,-,-,-,-,-,-,-,-,-,-,-,1,5,-,-,-,-,-,-,-,-,-,-,1,5,-,-,-,-,-,-,-,-,-,-,-,-,-,-,-,-,-,-,-,-,-,-,-,-,-,-,-,-,-,-,-,-,-,-,-,-,-,-,-,-,-,-,-,-,1,2,-,-,-,-,-,-,-,-,-,-,-,-,-,-,-,-,1,2,-,-,-,-,-,-,-,-,-,-,-,-,-,-,-,-,-,-,-,-,-,-,-,-,-,-,-,-,-,-,4,36,3,31,2,27,1,4,-,-,-,-,-,-,1,5,1,5,-,-,-,-,-,-,5,395,-,-,-,-,-,-,-,-,-,-,2,4,1,2,1,2,-,-,-,-,-,-,-,-,-,-,-,-,-,-,-,-,-,-,-,-,-,-,1,370,1,370,-,-,-,-,-,-,-,-,-,-,-,-,-,-,-,-,-,-,-,-,-,-,-,-,-,-,2,21,-,-,1,2,-,-,-,-,-,-,-,-,-,-,1,19,-,-,2,3,1,1,-,-,-,-,1,1,-,-,-,-,-,-,1,2
6,13202,1320201406,立川市,立川市錦町,6丁目,立川市錦町6丁目,-,-,-,-,-,-,1,4,-,-,-,-,-,-,-,-,-,-,-,-,-,-,-,-,-,-,1,4,-,-,1,4,-,-,-,-,-,-,-,-,-,-,-,-,-,-,-,-,-,-,-,-,-,-,-,-,-,-,-,-,-,-,-,-,-,-,-,-,-,-,-,-,1,5,1,5,-,-,-,-,-,-,-,-,1,5,-,-,-,-,-,-,-,-,-,-,-,-,-,-,-,-,-,-,-,-,-,-,-,-,-,-,-,-,-,-,-,-,-,-,-,-,-,-,-,-,2,19,-,-,-,-,-,-,-,-,-,-,-,-,1,3,-,-,1,3,-,-,-,-,-,-,-,-,1,16,-,-,-,-,1,16,-,-,-,-,-,-,-,-,-,-,-,-,-,-,-,-,-,-,-,-,-,-,-,-,-,-,-,-,-,-,-,-,-,-,-,-,-,-,-,-,-,-,-,-,-,-,-,-,-,-,-,-,-,-,-,-,-,-,1,1,-,-,-,-,-,-,-,-,-,-,-,-,-,-,-,-,-,-,-,-,1,1,-,-,-,-,1,1,-,-,3,40,-,-,-,-,-,-,-,-,-,-,-,-,-,-,-,-,-,-,-,-,-,-,-,-,-,-,-,-,3,40,2,18,-,-,-,-,-,-,-,-,-,-,-,-,-,-,1,22,5,39,5,39,2,28,1,3,-,-,2,8,-,-,-,-,-,-,-,-,-,-,-,-,4,8,-,-,-,-,-,-,-,-,-,-,-,-,-,-,-,-,-,-,-,-,1,3,-,-,-,-,1,3,-,-,-,-,-,-,-,-,-,-,-,-,-,-,-,-,-,-,-,-,-,-,-,-,-,-,-,-,-,-,-,-,-,-,-,-,-,-,-,-,3,5,-,-,1,2,1,2,-,-,-,-,-,-,-,-,-,-,1,1,-,-,-,-,-,-,-,-,-,-,-,-,-,-,-,-,-,-
5,13202,1320201300,立川市,立川市羽衣町,,立川市羽衣町,-,-,-,-,-,-,1,6,-,-,-,-,-,-,-,-,-,-,-,-,-,-,-,-,-,-,1,6,-,-,-,-,-,-,1,6,4,59,2,44,-,-,-,-,-,-,-,-,1,25,1,19,-,-,2,15,-,-,-,-,-,-,-,-,-,-,-,-,-,-,2,15,6,41,1,5,-,-,-,-,-,-,-,-,1,5,3,16,-,-,1,4,2,12,1,9,1,9,-,-,-,-,-,-,-,-,-,-,1,11,-,-,1,11,-,-,-,-,-,-,-,-,-,-,-,-,3,22,1,9,-,-,-,-,-,-,-,-,1,9,-,-,-,-,-,-,-,-,2,13,1,6,1,7,-,-,-,-,-,-,-,-,2,6,1,2,1,2,-,-,-,-,-,-,-,-,-,-,-,-,-,-,-,-,-,-,-,-,-,-,-,-,-,-,1,4,-,-,-,-,-,-,-,-,-,-,-,-,-,-,-,-,1,4,-,-,-,-,-,-,4,10,1,2,-,-,1,2,1,1,2,7,2,7,-,-,-,-,-,-,-,-,-,-,-,-,-,-,-,-,-,-,11,103,1,39,-,-,-,-,-,-,1,1,1,1,-,-,1,2,-,-,3,6,2,5,1,1,-,-,-,-,5,55,3,51,-,-,-,-,1,3,-,-,1,1,-,-,-,-,-,-,3,6,-,-,-,-,-,-,-,-,-,-,3,6,-,-,-,-,-,-,-,-,-,-,16,58,1,5,-,-,-,-,-,-,1,5,2,5,1,1,-,-,-,-,1,4,8,31,2,15,4,8,2,8,-,-,-,-,-,-,-,-,-,-,1,4,-,-,1,4,2,9,-,-,1,7,-,-,1,2,1,3,-,-,-,-,1,3,-,-,-,-,-,-,1,1,-,-,-,-,-,-,-,-,-,-,-,-,-,-,-,-,1,1,4,13,4,13,-,-,-,-,1,1,2,4,1,8,-,-,-,-
6,13202,1320201301,立川市,立川市羽衣町,1丁目,立川市羽衣町1丁目,-,-,-,-,-,-,-,-,-,-,-,-,-,-,-,-,-,-,-,-,-,-,-,-,-,-,-,-,-,-,-,-,-,-,-,-,-,-,-,-,-,-,-,-,-,-,-,-,-,-,-,-,-,-,-,-,-,-,-,-,-,-,-,-,-,-,-,-,-,-,-,-,1,5,-,-,-,-,-,-,-,-,-,-,-,-,1,5,-,-,-,-,1,5,-,-,-,-,-,-,-,-,-,-,-,-,-,-,-,-,-,-,-,-,-,-,-,-,-,-,-,-,-,-,-,-,1,6,-,-,-,-,-,-,-,-,-,-,-,-,-,-,-,-,-,-,-,-,1,6,1,6,-,-,-,-,-,-,-,-,-,-,1,2,1,2,1,2,-,-,-,-,-,-,-,-,-,-,-,-,-,-,-,-,-,-,-,-,-,-,-,-,-,-,-,-,-,-,-,-,-,-,-,-,-,-,-,-,-,-,-,-,-,-,-,-,-,-,-,-,-,-,-,-,-,-,-,-,-,-,-,-,-,-,-,-,-,-,-,-,-,-,-,-,-,-,-,-,-,-,-,-,1,25,-,-,-,-,-,-,-,-,-,-,-,-,-,-,-,-,-,-,-,-,-,-,-,-,-,-,-,-,1,25,1,25,-,-,-,-,-,-,-,-,-,-,-,-,-,-,-,-,2,4,-,-,-,-,-,-,-,-,-,-,2,4,-,-,-,-,-,-,-,-,-,-,2,2,-,-,-,-,-,-,-,-,-,-,1,1,1,1,-,-,-,-,-,-,1,1,-,-,1,1,-,-,-,-,-,-,-,-,-,-,-,-,-,-,-,-,-,-,-,-,-,-,-,-,-,-,-,-,-,-,-,-,-,-,-,-,-,-,-,-,-,-,-,-,-,-,-,-,-,-,-,-,-,-,-,-,-,-,-,-,-,-,-,-,-,-,-,-,-,-,-,-,-,-,-,-,-,-,-,-
6,13202,1320201302,立川市,立川市羽衣町,2丁目,立川市羽衣町2丁目,-,-,-,-,-,-,1,6,-,-,-,-,-,-,-,-,-,-,-,-,-,-,-,-,-,-,1,6,-,-,-,-,-,-,1,6,3,55,2,44,-,-,-,-,-,-,-,-,1,25,1,19,-,-,1,11,-,-,-,-,-,-,-,-,-,-,-,-,-,-,1,11,1,4,-,-,-,-,-,-,-,-,-,-,-,-,1,4,-,-,1,4,-,-,-,-,-,-,-,-,-,-,-,-,-,-,-,-,-,-,-,-,-,-,-,-,-,-,-,-,-,-,-,-,-,-,1,9,1,9,-,-,-,-,-,-,-,-,1,9,-,-,-,-,-,-,-,-,-,-,-,-,-,-,-,-,-,-,-,-,-,-,-,-,-,-,-,-,-,-,-,-,-,-,-,-,-,-,-,-,-,-,-,-,-,-,-,-,-,-,-,-,-,-,-,-,-,-,-,-,-,-,-,-,-,-,-,-,-,-,-,-,-,-,-,-,-,-,-,-,4,10,1,2,-,-,1,2,1,1,2,7,2,7,-,-,-,-,-,-,-,-,-,-,-,-,-,-,-,-,-,-,9,57,1,39,-,-,-,-,-,-,1,1,1,1,-,-,1,2,-,-,3,6,2,5,1,1,-,-,-,-,3,9,1,5,-,-,-,-,1,3,-,-,1,1,-,-,-,-,-,-,-,-,-,-,-,-,-,-,-,-,-,-,-,-,-,-,-,-,-,-,-,-,-,-,10,41,-,-,-,-,-,-,-,-,-,-,1,4,-,-,-,-,-,-,1,4,6,25,2,15,3,7,1,3,-,-,-,-,-,-,-,-,-,-,-,-,-,-,-,-,2,9,-,-,1,7,-,-,1,2,1,3,-,-,-,-,1,3,-,-,-,-,-,-,-,-,-,-,-,-,-,-,-,-,-,-,-,-,-,-,-,-,-,-,4,13,4,13,-,-,-,-,1,1,2,4,1,8,-,-,-,-
6,13202,1320201303,立川市,立川市羽衣町,3丁目,立川市羽衣町3丁目,-,-,-,-,-,-,-,-,-,-,-,-,-,-,-,-,-,-,-,-,-,-,-,-,-,-,-,-,-,-,-,-,-,-,-,-,1,4,-,-,-,-,-,-,-,-,-,-,-,-,-,-,-,-,1,4,-,-,-,-,-,-,-,-,-,-,-,-,-,-,1,4,4,32,1,5,-,-,-,-,-,-,-,-,1,5,1,7,-,-,-,-,1,7,1,9,1,9,-,-,-,-,-,-,-,-,-,-,1,11,-,-,1,11,-,-,-,-,-,-,-,-,-,-,-,-,1,7,-,-,-,-,-,-,-,-,-,-,-,-,-,-,-,-,-,-,-,-,1,7,-,-,1,7,-,-,-,-,-,-,-,-,1,4,-,-,-,-,-,-,-,-,-,-,-,-,-,-,-,-,-,-,-,-,-,-,-,-,-,-,-,-,-,-,1,4,-,-,-,-,-,-,-,-,-,-,-,-,-,-,-,-,1,4,-,-,-,-,-,-,-,-,-,-,-,-,-,-,-,-,-,-,-,-,-,-,-,-,-,-,-,-,-,-,-,-,-,-,-,-,-,-,1,21,-,-,-,-,-,-,-,-,-,-,-,-,-,-,-,-,-,-,-,-,-,-,-,-,-,-,-,-,1,21,1,21,-,-,-,-,-,-,-,-,-,-,-,-,-,-,-,-,1,2,-,-,-,-,-,-,-,-,-,-,1,2,-,-,-,-,-,-,-,-,-,-,4,15,1,5,-,-,-,-,-,-,1,5,-,-,-,-,-,-,-,-,-,-,1,5,-,-,-,-,1,5,-,-,-,-,-,-,-,-,-,-,1,4,-,-,1,4,-,-,-,-,-,-,-,-,-,-,-,-,-,-,-,-,-,-,-,-,-,-,-,-,1,1,-,-,-,-,-,-,-,-,-,-,-,-,-,-,-,-,1,1,-,-,-,-,-,-,-,-,-,-,-,-,-,-,-,-,-,-
5,13202,1320201600,立川市,立川市富士見町,,立川市富士見町,-,-,-,-,-,-,-,-,-,-,-,-,-,-,-,-,-,-,-,-,-,-,-,-,-,-,-,-,-,-,-,-,-,-,-,-,3,15,1,10,-,-,-,-,-,-,-,-,1,10,-,-,-,-,2,5,-,-,1,2,-,-,-,-,-,-,-,-,-,-,1,3,3,14,2,9,1,7,-,-,1,2,-,-,-,-,-,-,-,-,-,-,-,-,-,-,-,-,-,-,-,-,-,-,-,-,-,-,-,-,-,-,-,-,1,5,-,-,-,-,-,-,1,5,-,-,11,82,2,11,-,-,-,-,-,-,-,-,2,11,3,28,2,26,1,2,-,-,5,38,-,-,5,38,1,5,-,-,1,5,-,-,8,43,2,13,1,8,-,-,-,-,1,5,-,-,-,-,1,6,-,-,-,-,1,6,-,-,-,-,-,-,-,-,5,24,1,3,-,-,-,-,-,-,-,-,-,-,1,9,-,-,3,12,-,-,-,-,-,-,3,5,-,-,-,-,-,-,1,3,1,1,1,1,-,-,1,1,1,1,-,-,-,-,-,-,-,-,-,-,-,-,24,375,5,201,1,2,1,2,-,-,-,-,-,-,-,-,-,-,2,3,3,6,2,4,1,2,-,-,-,-,13,163,6,122,-,-,-,-,1,3,1,4,3,8,1,2,-,-,1,24,16,185,8,108,4,85,2,19,-,-,2,4,5,8,3,69,2,67,1,2,-,-,-,-,16,67,2,7,-,-,-,-,2,7,-,-,-,-,-,-,-,-,-,-,-,-,3,25,-,-,-,-,3,25,-,-,-,-,-,-,-,-,-,-,2,13,1,8,1,5,-,-,-,-,-,-,-,-,-,-,1,5,1,5,-,-,-,-,-,-,-,-,-,-,8,17,-,-,2,2,2,3,-,-,-,-,1,2,-,-,-,-,3,10,4,719,2,32,-,-,-,-,1,24,1,8,-,-,-,-,2,687
6,13202,1320201601,立川市,立川市富士見町,1丁目,立川市富士見町1丁目,-,-,-,-,-,-,-,-,-,-,-,-,-,-,-,-,-,-,-,-,-,-,-,-,-,-,-,-,-,-,-,-,-,-,-,-,-,-,-,-,-,-,-,-,-,-,-,-,-,-,-,-,-,-,-,-,-,-,-,-,-,-,-,-,-,-,-,-,-,-,-,-,-,-,-,-,-,-,-,-,-,-,-,-,-,-,-,-,-,-,-,-,-,-,-,-,-,-,-,-,-,-,-,-,-,-,-,-,-,-,-,-,-,-,-,-,-,-,-,-,-,-,-,-,-,-,4,35,1,3,-,-,-,-,-,-,-,-,1,3,-,-,-,-,-,-,-,-,3,32,-,-,3,32,-,-,-,-,-,-,-,-,3,16,2,13,1,8,-,-,-,-,1,5,-,-,-,-,-,-,-,-,-,-,-,-,-,-,-,-,-,-,-,-,1,3,1,3,-,-,-,-,-,-,-,-,-,-,-,-,-,-,-,-,-,-,-,-,-,-,1,1,-,-,-,-,-,-,-,-,1,1,1,1,-,-,-,-,-,-,-,-,-,-,-,-,-,-,-,-,-,-,6,148,1,60,-,-,-,-,-,-,-,-,-,-,-,-,-,-,-,-,1,2,1,2,-,-,-,-,-,-,4,86,2,59,-,-,-,-,1,3,-,-,-,-,-,-,-,-,1,24,4,70,1,2,-,-,-,-,-,-,1,2,1,1,2,67,1,65,1,2,-,-,-,-,3,11,-,-,-,-,-,-,-,-,-,-,-,-,-,-,-,-,-,-,-,-,1,8,-,-,-,-,1,8,-,-,-,-,-,-,-,-,-,-,-,-,-,-,-,-,-,-,-,-,-,-,-,-,-,-,-,-,-,-,-,-,-,-,-,-,-,-,-,-,2,3,-,-,1,1,1,2,-,-,-,-,-,-,-,-,-,-,-,-,1,8,1,8,-,-,-,-,-,-,1,8,-,-,-,-,-,-
6,13202,1320201602,立川市,立川市富士見町,2丁目,立川市富士見町2丁目,-,-,-,-,-,-,-,-,-,-,-,-,-,-,-,-,-,-,-,-,-,-,-,-,-,-,-,-,-,-,-,-,-,-,-,-,1,2,-,-,-,-,-,-,-,-,-,-,-,-,-,-,-,-,1,2,-,-,1,2,-,-,-,-,-,-,-,-,-,-,-,-,-,-,-,-,-,-,-,-,-,-,-,-,-,-,-,-,-,-,-,-,-,-,-,-,-,-,-,-,-,-,-,-,-,-,-,-,-,-,-,-,-,-,-,-,-,-,-,-,-,-,-,-,-,-,3,12,1,8,-,-,-,-,-,-,-,-,1,8,1,2,-,-,1,2,-,-,1,2,-,-,1,2,-,-,-,-,-,-,-,-,-,-,-,-,-,-,-,-,-,-,-,-,-,-,-,-,-,-,-,-,-,-,-,-,-,-,-,-,-,-,-,-,-,-,-,-,-,-,-,-,-,-,-,-,-,-,-,-,-,-,-,-,-,-,-,-,-,-,-,-,-,-,-,-,-,-,-,-,-,-,-,-,-,-,-,-,-,-,-,-,-,-,-,-,-,-,-,-,-,-,7,32,-,-,1,2,1,2,-,-,-,-,-,-,-,-,-,-,1,1,1,2,1,2,-,-,-,-,-,-,4,27,2,22,-,-,-,-,-,-,-,-,2,5,-,-,-,-,-,-,2,4,-,-,-,-,-,-,-,-,-,-,1,2,1,2,1,2,-,-,-,-,-,-,5,17,1,6,-,-,-,-,1,6,-,-,-,-,-,-,-,-,-,-,-,-,-,-,-,-,-,-,-,-,-,-,-,-,-,-,-,-,-,-,1,5,-,-,1,5,-,-,-,-,-,-,-,-,-,-,-,-,-,-,-,-,-,-,-,-,-,-,-,-,3,6,-,-,-,-,-,-,-,-,-,-,1,2,-,-,-,-,2,4,3,711,1,24,-,-,-,-,1,24,-,-,-,-,-,-,2,687
6,13202,1320201603,立川市,立川市富士見町,3丁目,立川市富士見町3丁目,-,-,-,-,-,-,-,-,-,-,-,-,-,-,-,-,-,-,-,-,-,-,-,-,-,-,-,-,-,-,-,-,-,-,-,-,-,-,-,-,-,-,-,-,-,-,-,-,-,-,-,-,-,-,-,-,-,-,-,-,-,-,-,-,-,-,-,-,-,-,-,-,1,2,1,2,-,-,-,-,1,2,-,-,-,-,-,-,-,-,-,-,-,-,-,-,-,-,-,-,-,-,-,-,-,-,-,-,-,-,-,-,-,-,-,-,-,-,-,-,-,-,-,-,-,-,-,-,-,-,-,-,-,-,-,-,-,-,-,-,-,-,-,-,-,-,-,-,-,-,-,-,-,-,-,-,-,-,-,-,-,-,-,-,-,-,-,-,-,-,-,-,-,-,-,-,-,-,-,-,-,-,-,-,-,-,-,-,-,-,-,-,-,-,-,-,-,-,-,-,-,-,-,-,-,-,-,-,-,-,-,-,-,-,-,-,-,-,-,-,-,-,-,-,-,-,-,-,-,-,-,-,-,-,-,-,-,-,-,-,-,-,-,-,-,-,-,-,-,-,-,-,1,4,-,-,-,-,-,-,-,-,-,-,-,-,-,-,-,-,-,-,-,-,-,-,-,-,-,-,-,-,1,4,-,-,-,-,-,-,-,-,1,4,-,-,-,-,-,-,-,-,-,-,-,-,-,-,-,-,-,-,-,-,-,-,-,-,-,-,-,-,-,-,-,-,1,1,-,-,-,-,-,-,-,-,-,-,-,-,-,-,-,-,-,-,-,-,-,-,-,-,-,-,-,-,-,-,-,-,-,-,-,-,-,-,-,-,-,-,-,-,-,-,-,-,-,-,-,-,-,-,-,-,-,-,-,-,-,-,-,-,-,-,-,-,1,1,-,-,1,1,-,-,-,-,-,-,-,-,-,-,-,-,-,-,-,-,-,-,-,-,-,-,-,-,-,-,-,-,-,-,-,-
6,13202,1320201604,立川市,立川市富士見町,4丁目,立川市富士見町4丁目,-,-,-,-,-,-,-,-,-,-,-,-,-,-,-,-,-,-,-,-,-,-,-,-,-,-,-,-,-,-,-,-,-,-,-,-,-,-,-,-,-,-,-,-,-,-,-,-,-,-,-,-,-,-,-,-,-,-,-,-,-,-,-,-,-,-,-,-,-,-,-,-,1,7,1,7,1,7,-,-,-,-,-,-,-,-,-,-,-,-,-,-,-,-,-,-,-,-,-,-,-,-,-,-,-,-,-,-,-,-,-,-,-,-,-,-,-,-,-,-,-,-,-,-,-,-,2,9,-,-,-,-,-,-,-,-,-,-,-,-,-,-,-,-,-,-,-,-,1,4,-,-,1,4,1,5,-,-,1,5,-,-,2,15,-,-,-,-,-,-,-,-,-,-,-,-,-,-,1,6,-,-,-,-,1,6,-,-,-,-,-,-,-,-,1,9,-,-,-,-,-,-,-,-,-,-,-,-,1,9,-,-,-,-,-,-,-,-,-,-,-,-,-,-,-,-,-,-,-,-,-,-,-,-,-,-,-,-,-,-,-,-,-,-,-,-,-,-,-,-,-,-,3,20,-,-,-,-,-,-,-,-,-,-,-,-,-,-,-,-,1,2,-,-,-,-,-,-,-,-,-,-,2,18,1,15,-,-,-,-,-,-,-,-,1,3,-,-,-,-,-,-,1,2,-,-,-,-,-,-,-,-,-,-,1,2,-,-,-,-,-,-,-,-,-,-,4,16,1,1,-,-,-,-,1,1,-,-,-,-,-,-,-,-,-,-,-,-,1,6,-,-,-,-,1,6,-,-,-,-,-,-,-,-,-,-,1,8,1,8,-,-,-,-,-,-,-,-,-,-,-,-,-,-,-,-,-,-,-,-,-,-,-,-,-,-,1,1,-,-,-,-,1,1,-,-,-,-,-,-,-,-,-,-,-,-,-,-,-,-,-,-,-,-,-,-,-,-,-,-,-,-,-,-
6,13202,1320201605,立川市,立川市富士見町,5丁目,立川市富士見町5丁目,-,-,-,-,-,-,-,-,-,-,-,-,-,-,-,-,-,-,-,-,-,-,-,-,-,-,-,-,-,-,-,-,-,-,-,-,-,-,-,-,-,-,-,-,-,-,-,-,-,-,-,-,-,-,-,-,-,-,-,-,-,-,-,-,-,-,-,-,-,-,-,-,-,-,-,-,-,-,-,-,-,-,-,-,-,-,-,-,-,-,-,-,-,-,-,-,-,-,-,-,-,-,-,-,-,-,-,-,-,-,-,-,-,-,-,-,-,-,-,-,-,-,-,-,-,-,-,-,-,-,-,-,-,-,-,-,-,-,-,-,-,-,-,-,-,-,-,-,-,-,-,-,-,-,-,-,-,-,-,-,-,-,1,5,-,-,-,-,-,-,-,-,-,-,-,-,-,-,-,-,-,-,-,-,-,-,-,-,-,-,-,-,-,-,1,5,-,-,-,-,-,-,-,-,-,-,-,-,-,-,-,-,1,5,-,-,-,-,-,-,-,-,-,-,-,-,-,-,-,-,-,-,-,-,-,-,-,-,-,-,-,-,-,-,-,-,-,-,-,-,-,-,2,5,1,3,-,-,-,-,-,-,-,-,-,-,-,-,-,-,-,-,-,-,-,-,-,-,-,-,-,-,1,2,-,-,-,-,-,-,-,-,-,-,-,-,1,2,-,-,-,-,1,1,-,-,-,-,-,-,-,-,-,-,1,1,-,-,-,-,-,-,-,-,-,-,-,-,-,-,-,-,-,-,-,-,-,-,-,-,-,-,-,-,-,-,-,-,-,-,-,-,-,-,-,-,-,-,-,-,-,-,-,-,-,-,-,-,-,-,-,-,-,-,-,-,-,-,-,-,-,-,-,-,-,-,-,-,-,-,-,-,-,-,-,-,-,-,-,-,-,-,-,-,-,-,-,-,-,-,-,-,-,-,-,-,-,-,-,-,-,-,-,-,-,-,-,-,-,-,-,-,-,-
6,13202,1320201606,立川市,立川市富士見町,6丁目,立川市富士見町6丁目,-,-,-,-,-,-,-,-,-,-,-,-,-,-,-,-,-,-,-,-,-,-,-,-,-,-,-,-,-,-,-,-,-,-,-,-,1,10,1,10,-,-,-,-,-,-,-,-,1,10,-,-,-,-,-,-,-,-,-,-,-,-,-,-,-,-,-,-,-,-,-,-,1,5,-,-,-,-,-,-,-,-,-,-,-,-,-,-,-,-,-,-,-,-,-,-,-,-,-,-,-,-,-,-,-,-,-,-,-,-,-,-,-,-,1,5,-,-,-,-,-,-,1,5,-,-,-,-,-,-,-,-,-,-,-,-,-,-,-,-,-,-,-,-,-,-,-,-,-,-,-,-,-,-,-,-,-,-,-,-,-,-,2,7,-,-,-,-,-,-,-,-,-,-,-,-,-,-,-,-,-,-,-,-,-,-,-,-,-,-,-,-,-,-,2,7,-,-,-,-,-,-,-,-,-,-,-,-,-,-,-,-,2,7,-,-,-,-,-,-,1,3,-,-,-,-,-,-,1,3,-,-,-,-,-,-,-,-,-,-,-,-,-,-,-,-,-,-,-,-,-,-,2,135,1,109,-,-,-,-,-,-,-,-,-,-,-,-,-,-,-,-,-,-,-,-,-,-,-,-,-,-,1,26,1,26,-,-,-,-,-,-,-,-,-,-,-,-,-,-,-,-,2,25,2,25,2,25,-,-,-,-,-,-,-,-,-,-,-,-,-,-,-,-,-,-,1,11,-,-,-,-,-,-,-,-,-,-,-,-,-,-,-,-,-,-,-,-,1,11,-,-,-,-,1,11,-,-,-,-,-,-,-,-,-,-,-,-,-,-,-,-,-,-,-,-,-,-,-,-,-,-,-,-,-,-,-,-,-,-,-,-,-,-,-,-,-,-,-,-,-,-,-,-,-,-,-,-,-,-,-,-,-,-,-,-,-,-,-,-,-,-,-,-,-,-,-,-,-,-,-,-,-,-
6,13202,1320201607,立川市,立川市富士見町,7丁目,立川市富士見町7丁目,-,-,-,-,-,-,-,-,-,-,-,-,-,-,-,-,-,-,-,-,-,-,-,-,-,-,-,-,-,-,-,-,-,-,-,-,1,3,-,-,-,-,-,-,-,-,-,-,-,-,-,-,-,-,1,3,-,-,-,-,-,-,-,-,-,-,-,-,-,-,1,3,-,-,-,-,-,-,-,-,-,-,-,-,-,-,-,-,-,-,-,-,-,-,-,-,-,-,-,-,-,-,-,-,-,-,-,-,-,-,-,-,-,-,-,-,-,-,-,-,-,-,-,-,-,-,2,26,-,-,-,-,-,-,-,-,-,-,-,-,2,26,2,26,-,-,-,-,-,-,-,-,-,-,-,-,-,-,-,-,-,-,-,-,-,-,-,-,-,-,-,-,-,-,-,-,-,-,-,-,-,-,-,-,-,-,-,-,-,-,-,-,-,-,-,-,-,-,-,-,-,-,-,-,-,-,-,-,-,-,-,-,-,-,-,-,-,-,-,-,1,1,-,-,-,-,-,-,-,-,-,-,-,-,-,-,1,1,1,1,-,-,-,-,-,-,-,-,-,-,-,-,3,31,2,29,-,-,-,-,-,-,-,-,-,-,-,-,-,-,-,-,1,2,-,-,1,2,-,-,-,-,-,-,-,-,-,-,-,-,-,-,-,-,-,-,-,-,-,-,-,-,6,83,5,81,2,60,2,19,-,-,1,2,1,2,-,-,-,-,-,-,-,-,-,-,2,11,-,-,-,-,-,-,-,-,-,-,-,-,-,-,-,-,-,-,-,-,-,-,-,-,-,-,-,-,-,-,-,-,-,-,-,-,-,-,-,-,-,-,-,-,-,-,-,-,-,-,-,-,-,-,1,5,1,5,-,-,-,-,-,-,-,-,-,-,1,6,-,-,-,-,-,-,-,-,-,-,-,-,-,-,-,-,1,6,-,-,-,-,-,-,-,-,-,-,-,-,-,-,-,-,-,-
5,13202,1320200500,立川市,立川市緑町,,立川市緑町,-,-,-,-,-,-,-,-,-,-,-,-,-,-,-,-,-,-,-,-,-,-,-,-,-,-,-,-,-,-,-,-,-,-,-,-,-,-,-,-,-,-,-,-,-,-,-,-,-,-,-,-,-,-,-,-,-,-,-,-,-,-,-,-,-,-,-,-,-,-,-,-,-,-,-,-,-,-,-,-,-,-,-,-,-,-,-,-,-,-,-,-,-,-,-,-,-,-,-,-,-,-,-,-,-,-,-,-,-,-,-,-,-,-,-,-,-,-,-,-,-,-,-,-,-,-,-,-,-,-,-,-,-,-,-,-,-,-,-,-,-,-,-,-,-,-,-,-,-,-,-,-,-,-,-,-,-,-,-,-,-,-,-,-,-,-,-,-,-,-,-,-,-,-,-,-,-,-,-,-,-,-,-,-,-,-,-,-,-,-,-,-,-,-,-,-,-,-,-,-,-,-,-,-,-,-,-,-,-,-,-,-,-,-,1,2,-,-,1,2,-,-,-,-,-,-,-,-,-,-,-,-,-,-,-,-,-,-,-,-,-,-,-,-,-,-,-,-,-,-,-,-,3,118,-,-,-,-,-,-,-,-,-,-,-,-,-,-,-,-,-,-,-,-,-,-,-,-,-,-,-,-,3,118,1,25,-,-,-,-,-,-,1,3,-,-,-,-,-,-,1,90,-,-,-,-,-,-,-,-,-,-,-,-,-,-,-,-,-,-,-,-,-,-,-,-,-,-,-,-,-,-,-,-,-,-,-,-,-,-,-,-,-,-,-,-,-,-,-,-,-,-,-,-,-,-,-,-,-,-,-,-,-,-,-,-,-,-,-,-,-,-,-,-,-,-,-,-,-,-,-,-,-,-,-,-,-,-,-,-,-,-,-,-,-,-,-,-,-,-,-,-,-,-,-,-,-,-,-,-,-,-,-,-,-,-,-,-,-,-,-,-,-,-,-,-,-,-,-,-,-,-,-,-
5,13202,1320200900,立川市,立川市若葉町,,立川市若葉町,-,-,-,-,-,-,-,-,-,-,-,-,-,-,-,-,-,-,-,-,-,-,-,-,-,-,-,-,-,-,-,-,-,-,-,-,3,27,1,3,-,-,-,-,-,-,-,-,1,3,-,-,-,-,2,24,-,-,-,-,1,3,-,-,-,-,-,-,-,-,1,21,2,9,2,9,-,-,-,-,-,-,1,6,1,3,-,-,-,-,-,-,-,-,-,-,-,-,-,-,-,-,-,-,-,-,-,-,-,-,-,-,-,-,-,-,-,-,-,-,-,-,-,-,-,-,2,15,-,-,-,-,-,-,-,-,-,-,-,-,1,8,-,-,1,8,-,-,1,7,1,7,-,-,-,-,-,-,-,-,-,-,2,2,-,-,-,-,-,-,-,-,-,-,-,-,-,-,-,-,-,-,-,-,-,-,-,-,1,2,1,2,-,-,1,-,-,-,-,-,-,-,-,-,-,-,-,-,-,-,1,-,-,-,-,-,-,-,-,-,7,21,1,2,-,-,1,2,-,-,3,9,2,5,1,4,2,7,2,7,-,-,1,3,-,-,-,-,-,-,1,3,10,268,2,155,-,-,-,-,-,-,1,1,-,-,1,1,-,-,2,6,1,2,1,2,-,-,-,-,-,-,4,104,-,-,-,-,-,-,-,-,1,10,-,-,1,51,-,-,2,43,4,24,1,21,1,21,-,-,-,-,-,-,1,1,2,2,2,2,-,-,-,-,-,-,13,133,1,10,1,10,-,-,-,-,-,-,-,-,-,-,-,-,-,-,-,-,6,45,2,18,-,-,4,27,-,-,-,-,-,-,-,-,-,-,-,-,-,-,-,-,1,42,-,-,-,-,1,42,-,-,-,-,-,-,-,-,-,-,1,2,-,-,1,2,4,34,1,16,-,-,1,9,-,-,-,-,-,-,-,-,-,-,2,9,-,-,-,-,-,-,-,-,-,-,-,-,-,-,-,-,-,-
6,13202,1320200901,立川市,立川市若葉町,1丁目,立川市若葉町1丁目,-,-,-,-,-,-,-,-,-,-,-,-,-,-,-,-,-,-,-,-,-,-,-,-,-,-,-,-,-,-,-,-,-,-,-,-,1,3,1,3,-,-,-,-,-,-,-,-,1,3,-,-,-,-,-,-,-,-,-,-,-,-,-,-,-,-,-,-,-,-,-,-,1,6,1,6,-,-,-,-,-,-,1,6,-,-,-,-,-,-,-,-,-,-,-,-,-,-,-,-,-,-,-,-,-,-,-,-,-,-,-,-,-,-,-,-,-,-,-,-,-,-,-,-,-,-,-,-,-,-,-,-,-,-,-,-,-,-,-,-,-,-,-,-,-,-,-,-,-,-,-,-,-,-,-,-,-,-,-,-,-,-,-,-,-,-,-,-,-,-,-,-,-,-,-,-,-,-,-,-,-,-,-,-,-,-,-,-,-,-,-,-,-,-,-,-,-,-,-,-,-,-,-,-,-,-,-,-,-,-,-,-,-,-,-,-,-,-,-,-,7,21,1,2,-,-,1,2,-,-,3,9,2,5,1,4,2,7,2,7,-,-,1,3,-,-,-,-,-,-,1,3,7,214,2,155,-,-,-,-,-,-,-,-,-,-,-,-,-,-,1,4,1,2,1,2,-,-,-,-,-,-,3,53,-,-,-,-,-,-,-,-,1,10,-,-,-,-,-,-,2,43,1,2,-,-,-,-,-,-,-,-,-,-,-,-,1,2,1,2,-,-,-,-,-,-,6,46,1,10,1,10,-,-,-,-,-,-,-,-,-,-,-,-,-,-,-,-,3,26,1,15,-,-,2,11,-,-,-,-,-,-,-,-,-,-,-,-,-,-,-,-,-,-,-,-,-,-,-,-,-,-,-,-,-,-,-,-,-,-,1,2,-,-,1,2,1,8,-,-,-,-,-,-,-,-,-,-,-,-,-,-,-,-,1,8,-,-,-,-,-,-,-,-,-,-,-,-,-,-,-,-,-,-
6,13202,1320200902,立川市,立川市若葉町,2丁目,立川市若葉町2丁目,-,-,-,-,-,-,-,-,-,-,-,-,-,-,-,-,-,-,-,-,-,-,-,-,-,-,-,-,-,-,-,-,-,-,-,-,1,21,-,-,-,-,-,-,-,-,-,-,-,-,-,-,-,-,1,21,-,-,-,-,-,-,-,-,-,-,-,-,-,-,1,21,-,-,-,-,-,-,-,-,-,-,-,-,-,-,-,-,-,-,-,-,-,-,-,-,-,-,-,-,-,-,-,-,-,-,-,-,-,-,-,-,-,-,-,-,-,-,-,-,-,-,-,-,-,-,1,7,-,-,-,-,-,-,-,-,-,-,-,-,-,-,-,-,-,-,-,-,1,7,1,7,-,-,-,-,-,-,-,-,-,-,1,2,-,-,-,-,-,-,-,-,-,-,-,-,-,-,-,-,-,-,-,-,-,-,-,-,1,2,1,2,-,-,-,-,-,-,-,-,-,-,-,-,-,-,-,-,-,-,-,-,-,-,-,-,-,-,-,-,-,-,-,-,-,-,-,-,-,-,-,-,-,-,-,-,-,-,-,-,-,-,-,-,-,-,-,-,-,-,-,-,-,-,-,-,-,-,-,-,-,-,-,-,-,-,-,-,-,-,-,-,-,-,-,-,-,-,-,-,-,-,-,-,-,-,-,-,-,-,-,-,-,-,-,-,-,-,-,-,-,-,1,1,-,-,-,-,-,-,-,-,-,-,1,1,-,-,-,-,-,-,-,-,-,-,2,43,-,-,-,-,-,-,-,-,-,-,-,-,-,-,-,-,-,-,-,-,-,-,-,-,-,-,-,-,-,-,-,-,-,-,-,-,-,-,-,-,-,-,-,-,1,42,-,-,-,-,1,42,-,-,-,-,-,-,-,-,-,-,-,-,-,-,-,-,1,1,-,-,-,-,-,-,-,-,-,-,-,-,-,-,-,-,1,1,-,-,-,-,-,-,-,-,-,-,-,-,-,-,-,-,-,-
6,13202,1320200903,立川市,立川市若葉町,3丁目,立川市若葉町3丁目,-,-,-,-,-,-,-,-,-,-,-,-,-,-,-,-,-,-,-,-,-,-,-,-,-,-,-,-,-,-,-,-,-,-,-,-,-,-,-,-,-,-,-,-,-,-,-,-,-,-,-,-,-,-,-,-,-,-,-,-,-,-,-,-,-,-,-,-,-,-,-,-,-,-,-,-,-,-,-,-,-,-,-,-,-,-,-,-,-,-,-,-,-,-,-,-,-,-,-,-,-,-,-,-,-,-,-,-,-,-,-,-,-,-,-,-,-,-,-,-,-,-,-,-,-,-,1,8,-,-,-,-,-,-,-,-,-,-,-,-,1,8,-,-,1,8,-,-,-,-,-,-,-,-,-,-,-,-,-,-,-,-,-,-,-,-,-,-,-,-,-,-,-,-,-,-,-,-,-,-,-,-,-,-,-,-,-,-,-,-,-,-,-,-,-,-,-,-,-,-,-,-,-,-,-,-,-,-,-,-,-,-,-,-,-,-,-,-,-,-,-,-,-,-,-,-,-,-,-,-,-,-,-,-,-,-,-,-,-,-,-,-,-,-,-,-,-,-,-,-,-,-,-,-,-,-,-,-,-,-,-,-,-,-,-,-,-,-,-,-,-,-,-,-,-,-,-,-,-,-,-,-,-,-,-,-,-,-,-,-,-,-,-,-,-,-,-,-,-,-,-,-,1,-,-,-,-,-,-,-,-,-,-,-,-,-,1,-,1,-,-,-,-,-,-,-,4,36,-,-,-,-,-,-,-,-,-,-,-,-,-,-,-,-,-,-,-,-,2,11,1,3,-,-,1,8,-,-,-,-,-,-,-,-,-,-,-,-,-,-,-,-,-,-,-,-,-,-,-,-,-,-,-,-,-,-,-,-,-,-,-,-,-,-,-,-,2,25,1,16,-,-,1,9,-,-,-,-,-,-,-,-,-,-,-,-,-,-,-,-,-,-,-,-,-,-,-,-,-,-,-,-,-,-
6,13202,1320200904,立川市,立川市若葉町,4丁目,立川市若葉町4丁目,-,-,-,-,-,-,-,-,-,-,-,-,-,-,-,-,-,-,-,-,-,-,-,-,-,-,-,-,-,-,-,-,-,-,-,-,1,3,-,-,-,-,-,-,-,-,-,-,-,-,-,-,-,-,1,3,-,-,-,-,1,3,-,-,-,-,-,-,-,-,-,-,1,3,1,3,-,-,-,-,-,-,-,-,1,3,-,-,-,-,-,-,-,-,-,-,-,-,-,-,-,-,-,-,-,-,-,-,-,-,-,-,-,-,-,-,-,-,-,-,-,-,-,-,-,-,-,-,-,-,-,-,-,-,-,-,-,-,-,-,-,-,-,-,-,-,-,-,-,-,-,-,-,-,-,-,-,-,-,-,-,-,1,-,-,-,-,-,-,-,-,-,-,-,-,-,-,-,-,-,-,-,-,-,-,-,-,-,-,-,-,-,-,-,1,-,-,-,-,-,-,-,-,-,-,-,-,-,-,-,1,-,-,-,-,-,-,-,-,-,-,-,-,-,-,-,-,-,-,-,-,-,-,-,-,-,-,-,-,-,-,-,-,-,-,-,-,-,-,-,-,-,3,54,-,-,-,-,-,-,-,-,1,1,-,-,1,1,-,-,1,2,-,-,-,-,-,-,-,-,-,-,1,51,-,-,-,-,-,-,-,-,-,-,-,-,1,51,-,-,-,-,1,21,1,21,1,21,-,-,-,-,-,-,-,-,-,-,-,-,-,-,-,-,-,-,1,8,-,-,-,-,-,-,-,-,-,-,-,-,-,-,-,-,-,-,-,-,1,8,-,-,-,-,1,8,-,-,-,-,-,-,-,-,-,-,-,-,-,-,-,-,-,-,-,-,-,-,-,-,-,-,-,-,-,-,-,-,-,-,-,-,-,-,-,-,-,-,-,-,-,-,-,-,-,-,-,-,-,-,-,-,-,-,-,-,-,-,-,-,-,-,-,-,-,-,-,-,-,-,-,-,-,-
5,13202,1320200200,立川市,立川市一番町,,立川市一番町,-,-,-,-,-,-,-,-,-,-,-,-,-,-,-,-,-,-,-,-,-,-,-,-,-,-,-,-,-,-,-,-,-,-,-,-,2,26,1,14,-,-,-,-,1,14,-,-,-,-,-,-,-,-,1,12,-,-,-,-,-,-,-,-,-,-,-,-,-,-,1,12,2,9,2,9,1,2,-,-,-,-,-,-,1,7,-,-,-,-,-,-,-,-,-,-,-,-,-,-,-,-,-,-,-,-,-,-,-,-,-,-,-,-,-,-,-,-,-,-,-,-,-,-,-,-,-,-,-,-,-,-,-,-,-,-,-,-,-,-,-,-,-,-,-,-,-,-,-,-,-,-,-,-,-,-,-,-,-,-,-,-,3,12,1,3,-,-,-,-,-,-,-,-,-,-,1,3,1,5,-,-,1,5,-,-,-,-,-,-,-,-,-,-,1,4,-,-,-,-,-,-,-,-,-,-,-,-,-,-,-,-,1,4,-,-,-,-,-,-,-,-,-,-,-,-,-,-,-,-,-,-,-,-,-,-,-,-,-,-,-,-,-,-,-,-,-,-,-,-,-,-,5,51,-,-,-,-,-,-,-,-,-,-,-,-,-,-,-,-,-,-,-,-,-,-,-,-,-,-,-,-,5,51,2,42,1,3,-,-,-,-,-,-,2,6,-,-,-,-,-,-,2,14,1,12,1,12,-,-,-,-,-,-,-,-,1,2,1,2,-,-,-,-,-,-,2,4,-,-,-,-,-,-,-,-,-,-,-,-,-,-,-,-,-,-,-,-,1,2,-,-,1,2,-,-,-,-,-,-,-,-,-,-,-,-,-,-,-,-,-,-,-,-,-,-,-,-,-,-,-,-,-,-,-,-,-,-,-,-,-,-,-,-,-,-,1,2,-,-,-,-,1,2,-,-,-,-,-,-,-,-,-,-,-,-,1,6,-,-,-,-,-,-,-,-,-,-,-,-,-,-,1,6
6,13202,1320200201,立川市,立川市一番町,1丁目,立川市一番町1丁目,-,-,-,-,-,-,-,-,-,-,-,-,-,-,-,-,-,-,-,-,-,-,-,-,-,-,-,-,-,-,-,-,-,-,-,-,-,-,-,-,-,-,-,-,-,-,-,-,-,-,-,-,-,-,-,-,-,-,-,-,-,-,-,-,-,-,-,-,-,-,-,-,-,-,-,-,-,-,-,-,-,-,-,-,-,-,-,-,-,-,-,-,-,-,-,-,-,-,-,-,-,-,-,-,-,-,-,-,-,-,-,-,-,-,-,-,-,-,-,-,-,-,-,-,-,-,-,-,-,-,-,-,-,-,-,-,-,-,-,-,-,-,-,-,-,-,-,-,-,-,-,-,-,-,-,-,-,-,-,-,-,-,-,-,-,-,-,-,-,-,-,-,-,-,-,-,-,-,-,-,-,-,-,-,-,-,-,-,-,-,-,-,-,-,-,-,-,-,-,-,-,-,-,-,-,-,-,-,-,-,-,-,-,-,-,-,-,-,-,-,-,-,-,-,-,-,-,-,-,-,-,-,-,-,-,-,-,-,-,-,-,-,-,-,-,-,-,-,-,-,-,-,1,23,-,-,-,-,-,-,-,-,-,-,-,-,-,-,-,-,-,-,-,-,-,-,-,-,-,-,-,-,1,23,1,23,-,-,-,-,-,-,-,-,-,-,-,-,-,-,-,-,-,-,-,-,-,-,-,-,-,-,-,-,-,-,-,-,-,-,-,-,-,-,-,-,-,-,-,-,-,-,-,-,-,-,-,-,-,-,-,-,-,-,-,-,-,-,-,-,-,-,-,-,-,-,-,-,-,-,-,-,-,-,-,-,-,-,-,-,-,-,-,-,-,-,-,-,-,-,-,-,-,-,-,-,-,-,-,-,-,-,-,-,-,-,-,-,-,-,-,-,-,-,-,-,-,-,-,-,-,-,-,-,-,-,-,-,-,-,-,-,-,-,-,-,-,-,-,-,-,-,-,-
6,13202,1320200202,立川市,立川市一番町,2丁目,立川市一番町2丁目,-,-,-,-,-,-,-,-,-,-,-,-,-,-,-,-,-,-,-,-,-,-,-,-,-,-,-,-,-,-,-,-,-,-,-,-,-,-,-,-,-,-,-,-,-,-,-,-,-,-,-,-,-,-,-,-,-,-,-,-,-,-,-,-,-,-,-,-,-,-,-,-,-,-,-,-,-,-,-,-,-,-,-,-,-,-,-,-,-,-,-,-,-,-,-,-,-,-,-,-,-,-,-,-,-,-,-,-,-,-,-,-,-,-,-,-,-,-,-,-,-,-,-,-,-,-,-,-,-,-,-,-,-,-,-,-,-,-,-,-,-,-,-,-,-,-,-,-,-,-,-,-,-,-,-,-,-,-,-,-,-,-,1,4,-,-,-,-,-,-,-,-,-,-,-,-,-,-,-,-,-,-,-,-,-,-,-,-,-,-,-,-,-,-,1,4,-,-,-,-,-,-,-,-,-,-,-,-,-,-,-,-,1,4,-,-,-,-,-,-,-,-,-,-,-,-,-,-,-,-,-,-,-,-,-,-,-,-,-,-,-,-,-,-,-,-,-,-,-,-,-,-,1,3,-,-,-,-,-,-,-,-,-,-,-,-,-,-,-,-,-,-,-,-,-,-,-,-,-,-,-,-,1,3,-,-,1,3,-,-,-,-,-,-,-,-,-,-,-,-,-,-,1,2,-,-,-,-,-,-,-,-,-,-,-,-,1,2,1,2,-,-,-,-,-,-,-,-,-,-,-,-,-,-,-,-,-,-,-,-,-,-,-,-,-,-,-,-,-,-,-,-,-,-,-,-,-,-,-,-,-,-,-,-,-,-,-,-,-,-,-,-,-,-,-,-,-,-,-,-,-,-,-,-,-,-,-,-,-,-,-,-,-,-,-,-,-,-,-,-,-,-,-,-,-,-,-,-,-,-,-,-,-,-,-,-,-,-,-,-,-,-,-,-,-,-,-,-,-,-,-,-,-,-
6,13202,1320200203,立川市,立川市一番町,3丁目,立川市一番町3丁目,-,-,-,-,-,-,-,-,-,-,-,-,-,-,-,-,-,-,-,-,-,-,-,-,-,-,-,-,-,-,-,-,-,-,-,-,-,-,-,-,-,-,-,-,-,-,-,-,-,-,-,-,-,-,-,-,-,-,-,-,-,-,-,-,-,-,-,-,-,-,-,-,-,-,-,-,-,-,-,-,-,-,-,-,-,-,-,-,-,-,-,-,-,-,-,-,-,-,-,-,-,-,-,-,-,-,-,-,-,-,-,-,-,-,-,-,-,-,-,-,-,-,-,-,-,-,-,-,-,-,-,-,-,-,-,-,-,-,-,-,-,-,-,-,-,-,-,-,-,-,-,-,-,-,-,-,-,-,-,-,-,-,-,-,-,-,-,-,-,-,-,-,-,-,-,-,-,-,-,-,-,-,-,-,-,-,-,-,-,-,-,-,-,-,-,-,-,-,-,-,-,-,-,-,-,-,-,-,-,-,-,-,-,-,-,-,-,-,-,-,-,-,-,-,-,-,-,-,-,-,-,-,-,-,-,-,-,-,-,-,-,-,-,-,-,-,-,-,-,-,-,-,1,2,-,-,-,-,-,-,-,-,-,-,-,-,-,-,-,-,-,-,-,-,-,-,-,-,-,-,-,-,1,2,-,-,-,-,-,-,-,-,-,-,1,2,-,-,-,-,-,-,-,-,-,-,-,-,-,-,-,-,-,-,-,-,-,-,-,-,-,-,-,-,-,-,-,-,-,-,-,-,-,-,-,-,-,-,-,-,-,-,-,-,-,-,-,-,-,-,-,-,-,-,-,-,-,-,-,-,-,-,-,-,-,-,-,-,-,-,-,-,-,-,-,-,-,-,-,-,-,-,-,-,-,-,-,-,-,-,-,-,-,-,-,-,-,-,-,-,-,-,-,-,-,-,-,-,-,-,-,-,-,-,-,-,-,-,-,-,-,-,-,-,-,-,-,-,-,-,-,-,-,-
6,13202,1320200204,立川市,立川市一番町,4丁目,立川市一番町4丁目,-,-,-,-,-,-,-,-,-,-,-,-,-,-,-,-,-,-,-,-,-,-,-,-,-,-,-,-,-,-,-,-,-,-,-,-,1,12,-,-,-,-,-,-,-,-,-,-,-,-,-,-,-,-,1,12,-,-,-,-,-,-,-,-,-,-,-,-,-,-,1,12,2,9,2,9,1,2,-,-,-,-,-,-,1,7,-,-,-,-,-,-,-,-,-,-,-,-,-,-,-,-,-,-,-,-,-,-,-,-,-,-,-,-,-,-,-,-,-,-,-,-,-,-,-,-,-,-,-,-,-,-,-,-,-,-,-,-,-,-,-,-,-,-,-,-,-,-,-,-,-,-,-,-,-,-,-,-,-,-,-,-,1,3,1,3,-,-,-,-,-,-,-,-,-,-,1,3,-,-,-,-,-,-,-,-,-,-,-,-,-,-,-,-,-,-,-,-,-,-,-,-,-,-,-,-,-,-,-,-,-,-,-,-,-,-,-,-,-,-,-,-,-,-,-,-,-,-,-,-,-,-,-,-,-,-,-,-,-,-,-,-,-,-,-,-,-,-,-,-,-,-,1,19,-,-,-,-,-,-,-,-,-,-,-,-,-,-,-,-,-,-,-,-,-,-,-,-,-,-,-,-,1,19,1,19,-,-,-,-,-,-,-,-,-,-,-,-,-,-,-,-,1,12,1,12,1,12,-,-,-,-,-,-,-,-,-,-,-,-,-,-,-,-,-,-,-,-,-,-,-,-,-,-,-,-,-,-,-,-,-,-,-,-,-,-,-,-,-,-,-,-,-,-,-,-,-,-,-,-,-,-,-,-,-,-,-,-,-,-,-,-,-,-,-,-,-,-,-,-,-,-,-,-,-,-,-,-,-,-,-,-,-,-,-,-,-,-,-,-,-,-,-,-,-,-,-,-,-,-,-,-,-,-,-,-,-,-,-,-,-,-,-,-,-,-,-,-,-,-,-,-,-,-
6,13202,1320200205,立川市,立川市一番町,5丁目,立川市一番町5丁目,-,-,-,-,-,-,-,-,-,-,-,-,-,-,-,-,-,-,-,-,-,-,-,-,-,-,-,-,-,-,-,-,-,-,-,-,-,-,-,-,-,-,-,-,-,-,-,-,-,-,-,-,-,-,-,-,-,-,-,-,-,-,-,-,-,-,-,-,-,-,-,-,-,-,-,-,-,-,-,-,-,-,-,-,-,-,-,-,-,-,-,-,-,-,-,-,-,-,-,-,-,-,-,-,-,-,-,-,-,-,-,-,-,-,-,-,-,-,-,-,-,-,-,-,-,-,-,-,-,-,-,-,-,-,-,-,-,-,-,-,-,-,-,-,-,-,-,-,-,-,-,-,-,-,-,-,-,-,-,-,-,-,-,-,-,-,-,-,-,-,-,-,-,-,-,-,-,-,-,-,-,-,-,-,-,-,-,-,-,-,-,-,-,-,-,-,-,-,-,-,-,-,-,-,-,-,-,-,-,-,-,-,-,-,-,-,-,-,-,-,-,-,-,-,-,-,-,-,-,-,-,-,-,-,-,-,-,-,-,-,-,-,-,-,-,-,-,-,-,-,-,-,1,4,-,-,-,-,-,-,-,-,-,-,-,-,-,-,-,-,-,-,-,-,-,-,-,-,-,-,-,-,1,4,-,-,-,-,-,-,-,-,-,-,1,4,-,-,-,-,-,-,-,-,-,-,-,-,-,-,-,-,-,-,-,-,-,-,-,-,-,-,-,-,-,-,1,2,-,-,-,-,-,-,-,-,-,-,-,-,-,-,-,-,-,-,-,-,-,-,-,-,-,-,-,-,-,-,-,-,-,-,-,-,-,-,-,-,-,-,-,-,-,-,-,-,-,-,-,-,-,-,-,-,-,-,-,-,-,-,-,-,-,-,-,-,1,2,-,-,-,-,1,2,-,-,-,-,-,-,-,-,-,-,-,-,-,-,-,-,-,-,-,-,-,-,-,-,-,-,-,-,-,-
6,13202,1320200206,立川市,立川市一番町,6丁目,立川市一番町6丁目,-,-,-,-,-,-,-,-,-,-,-,-,-,-,-,-,-,-,-,-,-,-,-,-,-,-,-,-,-,-,-,-,-,-,-,-,1,14,1,14,-,-,-,-,1,14,-,-,-,-,-,-,-,-,-,-,-,-,-,-,-,-,-,-,-,-,-,-,-,-,-,-,-,-,-,-,-,-,-,-,-,-,-,-,-,-,-,-,-,-,-,-,-,-,-,-,-,-,-,-,-,-,-,-,-,-,-,-,-,-,-,-,-,-,-,-,-,-,-,-,-,-,-,-,-,-,-,-,-,-,-,-,-,-,-,-,-,-,-,-,-,-,-,-,-,-,-,-,-,-,-,-,-,-,-,-,-,-,-,-,-,-,1,5,-,-,-,-,-,-,-,-,-,-,-,-,-,-,1,5,-,-,1,5,-,-,-,-,-,-,-,-,-,-,-,-,-,-,-,-,-,-,-,-,-,-,-,-,-,-,-,-,-,-,-,-,-,-,-,-,-,-,-,-,-,-,-,-,-,-,-,-,-,-,-,-,-,-,-,-,-,-,-,-,-,-,-,-,-,-,-,-,-,-,-,-,-,-,-,-,-,-,-,-,-,-,-,-,-,-,-,-,-,-,-,-,-,-,-,-,-,-,-,-,-,-,-,-,-,-,-,-,-,-,-,-,-,-,-,-,-,-,-,-,-,-,-,-,-,-,-,-,-,-,-,-,-,-,-,-,-,-,-,-,-,-,1,2,-,-,-,-,-,-,-,-,-,-,-,-,-,-,-,-,-,-,-,-,1,2,-,-,1,2,-,-,-,-,-,-,-,-,-,-,-,-,-,-,-,-,-,-,-,-,-,-,-,-,-,-,-,-,-,-,-,-,-,-,-,-,-,-,-,-,-,-,-,-,-,-,-,-,-,-,-,-,-,-,-,-,-,-,-,-,-,-,1,6,-,-,-,-,-,-,-,-,-,-,-,-,-,-,1,6
5,13202,1320200100,立川市,立川市西砂町,,立川市西砂町,-,-,-,-,-,-,-,-,-,-,-,-,-,-,-,-,-,-,-,-,-,-,-,-,-,-,-,-,-,-,-,-,-,-,-,-,1,10,-,-,-,-,-,-,-,-,-,-,-,-,-,-,-,-,1,10,-,-,-,-,-,-,-,-,-,-,-,-,-,-,1,10,2,5,-,-,-,-,-,-,-,-,-,-,-,-,1,2,-,-,1,2,-,-,-,-,-,-,-,-,-,-,-,-,-,-,-,-,-,-,-,-,-,-,1,3,-,-,-,-,1,3,-,-,-,-,3,12,-,-,-,-,-,-,-,-,-,-,-,-,1,4,-,-,1,4,-,-,2,8,-,-,2,8,-,-,-,-,-,-,-,-,-,-,-,-,-,-,-,-,-,-,-,-,-,-,-,-,-,-,-,-,-,-,-,-,-,-,-,-,-,-,-,-,-,-,-,-,-,-,-,-,-,-,-,-,-,-,-,-,-,-,-,-,-,-,-,-,-,-,1,3,1,3,-,-,1,3,-,-,-,-,-,-,-,-,-,-,-,-,-,-,-,-,-,-,-,-,-,-,-,-,5,34,-,-,1,2,1,2,-,-,-,-,-,-,-,-,-,-,-,-,2,6,1,5,1,1,-,-,-,-,2,26,1,16,1,10,-,-,-,-,-,-,-,-,-,-,-,-,-,-,3,10,3,10,-,-,2,9,1,1,-,-,-,-,-,-,-,-,-,-,-,-,-,-,12,122,-,-,-,-,-,-,-,-,-,-,-,-,-,-,-,-,-,-,-,-,1,7,-,-,1,7,-,-,-,-,-,-,-,-,-,-,-,-,1,6,1,6,-,-,3,21,-,-,1,1,1,18,1,2,1,2,-,-,1,2,-,-,-,-,-,-,-,-,6,86,-,-,-,-,1,49,1,8,-,-,-,-,-,-,3,27,1,2,-,-,-,-,-,-,-,-,-,-,-,-,-,-,-,-,-,-
6,13202,1320200101,立川市,立川市西砂町,1丁目,立川市西砂町1丁目,-,-,-,-,-,-,-,-,-,-,-,-,-,-,-,-,-,-,-,-,-,-,-,-,-,-,-,-,-,-,-,-,-,-,-,-,-,-,-,-,-,-,-,-,-,-,-,-,-,-,-,-,-,-,-,-,-,-,-,-,-,-,-,-,-,-,-,-,-,-,-,-,1,3,-,-,-,-,-,-,-,-,-,-,-,-,-,-,-,-,-,-,-,-,-,-,-,-,-,-,-,-,-,-,-,-,-,-,-,-,-,-,-,-,1,3,-,-,-,-,1,3,-,-,-,-,1,4,-,-,-,-,-,-,-,-,-,-,-,-,1,4,-,-,1,4,-,-,-,-,-,-,-,-,-,-,-,-,-,-,-,-,-,-,-,-,-,-,-,-,-,-,-,-,-,-,-,-,-,-,-,-,-,-,-,-,-,-,-,-,-,-,-,-,-,-,-,-,-,-,-,-,-,-,-,-,-,-,-,-,-,-,-,-,-,-,-,-,-,-,-,-,-,-,-,-,-,-,-,-,-,-,-,-,-,-,-,-,-,-,-,-,-,-,-,-,-,-,-,-,-,-,2,15,-,-,-,-,-,-,-,-,-,-,-,-,-,-,-,-,-,-,1,5,1,5,-,-,-,-,-,-,1,10,-,-,1,10,-,-,-,-,-,-,-,-,-,-,-,-,-,-,1,1,1,1,-,-,-,-,1,1,-,-,-,-,-,-,-,-,-,-,-,-,-,-,1,2,-,-,-,-,-,-,-,-,-,-,-,-,-,-,-,-,-,-,-,-,-,-,-,-,-,-,-,-,-,-,-,-,-,-,-,-,-,-,-,-,-,-,-,-,-,-,-,-,-,-,-,-,-,-,-,-,-,-,-,-,-,-,-,-,-,-,-,-,1,2,-,-,-,-,-,-,-,-,-,-,-,-,-,-,-,-,1,2,-,-,-,-,-,-,-,-,-,-,-,-,-,-,-,-,-,-
6,13202,1320200102,立川市,立川市西砂町,2丁目,立川市西砂町2丁目,-,-,-,-,-,-,-,-,-,-,-,-,-,-,-,-,-,-,-,-,-,-,-,-,-,-,-,-,-,-,-,-,-,-,-,-,-,-,-,-,-,-,-,-,-,-,-,-,-,-,-,-,-,-,-,-,-,-,-,-,-,-,-,-,-,-,-,-,-,-,-,-,-,-,-,-,-,-,-,-,-,-,-,-,-,-,-,-,-,-,-,-,-,-,-,-,-,-,-,-,-,-,-,-,-,-,-,-,-,-,-,-,-,-,-,-,-,-,-,-,-,-,-,-,-,-,-,-,-,-,-,-,-,-,-,-,-,-,-,-,-,-,-,-,-,-,-,-,-,-,-,-,-,-,-,-,-,-,-,-,-,-,-,-,-,-,-,-,-,-,-,-,-,-,-,-,-,-,-,-,-,-,-,-,-,-,-,-,-,-,-,-,-,-,-,-,-,-,-,-,-,-,-,-,-,-,-,-,-,-,-,-,-,-,-,-,-,-,-,-,-,-,-,-,-,-,-,-,-,-,-,-,-,-,-,-,-,-,-,-,-,-,-,-,-,-,-,-,-,-,-,-,-,-,-,-,-,-,-,-,-,-,-,-,-,-,-,-,-,-,-,-,-,-,-,-,-,-,-,-,-,-,-,-,-,-,-,-,-,-,-,-,-,-,-,-,-,-,-,-,-,-,-,-,-,-,-,-,-,-,-,-,-,-,-,-,-,-,-,-,-,-,-,-,-,-,4,29,-,-,-,-,-,-,-,-,-,-,-,-,-,-,-,-,-,-,-,-,-,-,-,-,-,-,-,-,-,-,-,-,-,-,-,-,-,-,-,-,-,-,-,-,-,-,-,-,-,-,-,-,-,-,1,2,-,-,1,2,-,-,-,-,-,-,-,-,3,27,-,-,-,-,-,-,-,-,-,-,-,-,-,-,3,27,-,-,-,-,-,-,-,-,-,-,-,-,-,-,-,-,-,-,-,-
6,13202,1320200103,立川市,立川市西砂町,3丁目,立川市西砂町3丁目,-,-,-,-,-,-,-,-,-,-,-,-,-,-,-,-,-,-,-,-,-,-,-,-,-,-,-,-,-,-,-,-,-,-,-,-,-,-,-,-,-,-,-,-,-,-,-,-,-,-,-,-,-,-,-,-,-,-,-,-,-,-,-,-,-,-,-,-,-,-,-,-,-,-,-,-,-,-,-,-,-,-,-,-,-,-,-,-,-,-,-,-,-,-,-,-,-,-,-,-,-,-,-,-,-,-,-,-,-,-,-,-,-,-,-,-,-,-,-,-,-,-,-,-,-,-,-,-,-,-,-,-,-,-,-,-,-,-,-,-,-,-,-,-,-,-,-,-,-,-,-,-,-,-,-,-,-,-,-,-,-,-,-,-,-,-,-,-,-,-,-,-,-,-,-,-,-,-,-,-,-,-,-,-,-,-,-,-,-,-,-,-,-,-,-,-,-,-,-,-,-,-,-,-,-,-,-,-,-,-,-,-,-,-,-,-,-,-,-,-,-,-,-,-,-,-,-,-,-,-,-,-,-,-,-,-,-,-,-,-,-,-,-,-,-,-,-,-,-,-,-,-,-,-,-,-,-,-,-,-,-,-,-,-,-,-,-,-,-,-,-,-,-,-,-,-,-,-,-,-,-,-,-,-,-,-,-,-,-,-,-,-,-,-,-,-,-,-,-,-,-,-,-,-,-,-,-,-,-,-,-,-,-,-,-,-,-,-,-,-,-,-,-,-,-,-,2,9,-,-,-,-,-,-,-,-,-,-,-,-,-,-,-,-,-,-,-,-,-,-,-,-,-,-,-,-,-,-,-,-,-,-,-,-,-,-,-,-,-,-,-,-,1,1,-,-,1,1,-,-,-,-,-,-,-,-,-,-,-,-,-,-,-,-,-,-,1,8,-,-,-,-,-,-,1,8,-,-,-,-,-,-,-,-,-,-,-,-,-,-,-,-,-,-,-,-,-,-,-,-,-,-,-,-
6,13202,1320200104,立川市,立川市西砂町,4丁目,立川市西砂町4丁目,-,-,-,-,-,-,-,-,-,-,-,-,-,-,-,-,-,-,-,-,-,-,-,-,-,-,-,-,-,-,-,-,-,-,-,-,-,-,-,-,-,-,-,-,-,-,-,-,-,-,-,-,-,-,-,-,-,-,-,-,-,-,-,-,-,-,-,-,-,-,-,-,-,-,-,-,-,-,-,-,-,-,-,-,-,-,-,-,-,-,-,-,-,-,-,-,-,-,-,-,-,-,-,-,-,-,-,-,-,-,-,-,-,-,-,-,-,-,-,-,-,-,-,-,-,-,1,6,-,-,-,-,-,-,-,-,-,-,-,-,-,-,-,-,-,-,-,-,1,6,-,-,1,6,-,-,-,-,-,-,-,-,-,-,-,-,-,-,-,-,-,-,-,-,-,-,-,-,-,-,-,-,-,-,-,-,-,-,-,-,-,-,-,-,-,-,-,-,-,-,-,-,-,-,-,-,-,-,-,-,-,-,-,-,-,-,-,-,-,-,-,-,-,-,-,-,-,-,-,-,-,-,-,-,-,-,-,-,-,-,-,-,-,-,-,-,-,-,-,-,-,-,1,1,-,-,-,-,-,-,-,-,-,-,-,-,-,-,-,-,-,-,1,1,-,-,1,1,-,-,-,-,-,-,-,-,-,-,-,-,-,-,-,-,-,-,-,-,-,-,-,-,-,-,-,-,-,-,-,-,-,-,-,-,-,-,-,-,-,-,-,-,-,-,-,-,-,-,-,-,-,-,-,-,-,-,-,-,-,-,-,-,-,-,-,-,-,-,-,-,-,-,-,-,-,-,-,-,-,-,-,-,-,-,-,-,-,-,-,-,-,-,-,-,-,-,-,-,-,-,-,-,-,-,-,-,-,-,-,-,-,-,-,-,-,-,-,-,-,-,-,-,-,-,-,-,-,-,-,-,-,-,-,-,-,-,-,-,-,-,-,-,-,-,-,-,-,-,-,-,-,-,-,-
6,13202,1320200105,立川市,立川市西砂町,5丁目,立川市西砂町5丁目,-,-,-,-,-,-,-,-,-,-,-,-,-,-,-,-,-,-,-,-,-,-,-,-,-,-,-,-,-,-,-,-,-,-,-,-,1,10,-,-,-,-,-,-,-,-,-,-,-,-,-,-,-,-,1,10,-,-,-,-,-,-,-,-,-,-,-,-,-,-,1,10,-,-,-,-,-,-,-,-,-,-,-,-,-,-,-,-,-,-,-,-,-,-,-,-,-,-,-,-,-,-,-,-,-,-,-,-,-,-,-,-,-,-,-,-,-,-,-,-,-,-,-,-,-,-,1,2,-,-,-,-,-,-,-,-,-,-,-,-,-,-,-,-,-,-,-,-,1,2,-,-,1,2,-,-,-,-,-,-,-,-,-,-,-,-,-,-,-,-,-,-,-,-,-,-,-,-,-,-,-,-,-,-,-,-,-,-,-,-,-,-,-,-,-,-,-,-,-,-,-,-,-,-,-,-,-,-,-,-,-,-,-,-,-,-,-,-,-,-,1,3,1,3,-,-,1,3,-,-,-,-,-,-,-,-,-,-,-,-,-,-,-,-,-,-,-,-,-,-,-,-,1,16,-,-,-,-,-,-,-,-,-,-,-,-,-,-,-,-,-,-,-,-,-,-,-,-,-,-,-,-,1,16,1,16,-,-,-,-,-,-,-,-,-,-,-,-,-,-,-,-,-,-,-,-,-,-,-,-,-,-,-,-,-,-,-,-,-,-,-,-,-,-,-,-,1,49,-,-,-,-,-,-,-,-,-,-,-,-,-,-,-,-,-,-,-,-,-,-,-,-,-,-,-,-,-,-,-,-,-,-,-,-,-,-,-,-,-,-,-,-,-,-,-,-,-,-,-,-,-,-,-,-,-,-,-,-,-,-,-,-,-,-,-,-,1,49,-,-,-,-,1,49,-,-,-,-,-,-,-,-,-,-,-,-,-,-,-,-,-,-,-,-,-,-,-,-,-,-,-,-,-,-
6,13202,1320200106,立川市,立川市西砂町,6丁目,立川市西砂町6丁目,-,-,-,-,-,-,-,-,-,-,-,-,-,-,-,-,-,-,-,-,-,-,-,-,-,-,-,-,-,-,-,-,-,-,-,-,-,-,-,-,-,-,-,-,-,-,-,-,-,-,-,-,-,-,-,-,-,-,-,-,-,-,-,-,-,-,-,-,-,-,-,-,1,2,-,-,-,-,-,-,-,-,-,-,-,-,1,2,-,-,1,2,-,-,-,-,-,-,-,-,-,-,-,-,-,-,-,-,-,-,-,-,-,-,-,-,-,-,-,-,-,-,-,-,-,-,-,-,-,-,-,-,-,-,-,-,-,-,-,-,-,-,-,-,-,-,-,-,-,-,-,-,-,-,-,-,-,-,-,-,-,-,-,-,-,-,-,-,-,-,-,-,-,-,-,-,-,-,-,-,-,-,-,-,-,-,-,-,-,-,-,-,-,-,-,-,-,-,-,-,-,-,-,-,-,-,-,-,-,-,-,-,-,-,-,-,-,-,-,-,-,-,-,-,-,-,-,-,-,-,-,-,-,-,-,-,-,-,-,-,-,-,-,-,-,-,-,-,-,-,-,-,1,2,-,-,1,2,1,2,-,-,-,-,-,-,-,-,-,-,-,-,-,-,-,-,-,-,-,-,-,-,-,-,-,-,-,-,-,-,-,-,-,-,-,-,-,-,-,-,-,-,2,9,2,9,-,-,2,9,-,-,-,-,-,-,-,-,-,-,-,-,-,-,-,-,4,33,-,-,-,-,-,-,-,-,-,-,-,-,-,-,-,-,-,-,-,-,1,7,-,-,1,7,-,-,-,-,-,-,-,-,-,-,-,-,1,6,1,6,-,-,2,20,-,-,-,-,1,18,1,2,-,-,-,-,-,-,-,-,-,-,-,-,-,-,-,-,-,-,-,-,-,-,-,-,-,-,-,-,-,-,-,-,-,-,-,-,-,-,-,-,-,-,-,-,-,-,-,-,-,-,-,-
6,13202,1320200107,立川市,立川市西砂町,7丁目,立川市西砂町7丁目,-,-,-,-,-,-,-,-,-,-,-,-,-,-,-,-,-,-,-,-,-,-,-,-,-,-,-,-,-,-,-,-,-,-,-,-,-,-,-,-,-,-,-,-,-,-,-,-,-,-,-,-,-,-,-,-,-,-,-,-,-,-,-,-,-,-,-,-,-,-,-,-,-,-,-,-,-,-,-,-,-,-,-,-,-,-,-,-,-,-,-,-,-,-,-,-,-,-,-,-,-,-,-,-,-,-,-,-,-,-,-,-,-,-,-,-,-,-,-,-,-,-,-,-,-,-,-,-,-,-,-,-,-,-,-,-,-,-,-,-,-,-,-,-,-,-,-,-,-,-,-,-,-,-,-,-,-,-,-,-,-,-,-,-,-,-,-,-,-,-,-,-,-,-,-,-,-,-,-,-,-,-,-,-,-,-,-,-,-,-,-,-,-,-,-,-,-,-,-,-,-,-,-,-,-,-,-,-,-,-,-,-,-,-,-,-,-,-,-,-,-,-,-,-,-,-,-,-,-,-,-,-,-,-,-,-,-,-,-,-,-,-,-,-,-,-,-,-,-,-,-,-,-,-,-,-,-,-,-,-,-,-,-,-,-,-,-,-,-,-,-,-,-,-,-,-,-,-,-,-,-,-,-,-,-,-,-,-,-,-,-,-,-,-,-,-,-,-,-,-,-,-,-,-,-,-,-,-,-,-,-,-,-,-,-,-,-,-,-,-,-,-,-,-,-,-,-,-,-,-,-,-,-,-,-,-,-,-,-,-,-,-,-,-,-,-,-,-,-,-,-,-,-,-,-,-,-,-,-,-,-,-,-,-,-,-,-,-,-,-,-,-,-,-,-,-,-,-,-,-,-,-,-,-,-,-,-,-,-,-,-,-,-,-,-,-,-,-,-,-,-,-,-,-,-,-,-,-,-,-,-,-,-,-,-,-,-,-,-,-,-,-,-,-,-,-,-,-,-,-,-,-,-,-
,,,,,,,,,,,,,,,,,,,,,,,,,,,,,,,,,,,,,,,,,,,,,,,,,,,,,,,,,,,,,,,,,,,,,,,,,,,,,,,,,,,,,,,,,,,,,,,,,,,,,,,,,,,,,,,,,,,,,,,,,,,,,,,,,,,,,,,,,,,,,,,,,,,,,,,,,,,,,,,,,,,,,,,,,,,,,,,,,,,,,,,,,,,,,,,,,,,,,,,,,,,,,,,,,,,,,,,,,,,,,,,,,,,,,,,,,,,,,,,,,,,,,,,,,,,,,,,,,,,,,,,,,,,,,,,,,,,,,,,,,,,,,,,,,,,,,,,,,,,,,,,,,,,,,,,,,,,,,,,,,,,,,,,,,,,,,,,,,,,,,,,,,,,,,,,,,,,,,,,,,,,,,,,,,,,,,,,,,,,,,,,,,,,,,,,,,,,,,,,,,,,,,,,,,,,,,,,,,,,,,,,,,,,,,,,,,,,,,,,,
平成26年商業統計調査報告（町丁目別集計）,,,,,,,,,,,,,,,,,,,,,,,,,,,,,,,,,,,,,,,,,,,,,,,,,,,,,,,,,,,,,,,,,,,,,,,,,,,,,,,,,,,,,,,,,,,,,,,,,,,,,,,,,,,,,,,,,,,,,,,,,,,,,,,,,,,,,,,,,,,,,,,,,,,,,,,,,,,,,,,,,,,,,,,,,,,,,,,,,,,,,,,,,,,,,,,,,,,,,,,,,,,,,,,,,,,,,,,,,,,,,,,,,,,,,,,,,,,,,,,,,,,,,,,,,,,,,,,,,,,,,,,,,,,,,,,,,,,,,,,,,,,,,,,,,,,,,,,,,,,,,,,,,,,,,,,,,,,,,,,,,,,,,,,,,,,,,,,,,,,,,,,,,,,,,,,,,,,,,,,,,,,,,,,,,,,,,,,,,,,,,,,,,,,,,,,,,,,,,,,,,,,,,,,,,,,,,,,,,,,,,,,,,,,,,,,,,,,,,,,,
第２表　町丁目、産業細分類別　事業所数及び従業者数,,,,,,,,,,,,,,,,,,,,,,,,,,,,,,,,,,,,,,,,,,,,,,,,,,,,,,,,,,,,,,,,,,,,,,,,,,,,,,,,,,,,,,,,,,,,,,,,,,,,,,,,,,,,,,,,,,,,,,,,,,,,,,,,,,,,,,,,,,,,,,,,,,,,,,,,,,,,,,,,,,,,,,,,,,,,,,,,,,,,,,,,,,,,,,,,,,,,,,,,,,,,,,,,,,,,,,,,,,,,,,,,,,,,,,,,,,,,,,,,,,,,,,,,,,,,,,,,,,,,,,,,,,,,,,,,,,,,,,,,,,,,,,,,,,,,,,,,,,,,,,,,,,,,,,,,,,,,,,,,,,,,,,,,,,,,,,,,,,,,,,,,,,,,,,,,,,,,,,,,,,,,,,,,,,,,,,,,,,,,,,,,,,,,,,,,,,,,,,,,,,,,,,,,,,,,,,,,,,,,,,,,,,,,,,,,,,,,,,,,
地域階層（4:区市町村　5:町・大字　6:丁目・字）,,,,,,,,,,,,,,,,,,,,,,,,,,,,,,,,,,,,,,,,,,,,,,,,,,,,,,,,,,,,,,,,,,,,,,,,,,,,,,,,,,,,,,,,,,,,,,,,,,,,,,,,,,,,,,,,,,,,,,,,,,,,,,,,,,,,,,,,,,,,,,,,,,,,,,,,,,,,,,,,,,,,,,,,,,,,,,,,,,,,,,,,,,,,,,,,,,,,,,,,,,,,,,,,,,,,,,,,,,,,,,,,,,,,,,,,,,,,,,,,,,,,,,,,,,,,,,,,,,,,,,,,,,,,,,,,,,,,,,,,,,,,,,,,,,,,,,,,,,,,,,,,,,,,,,,,,,,,,,,,,,,,,,,,,,,,,,,,,,,,,,,,,,,,,,,,,,,,,,,,,,,,,,,,,,,,,,,,,,,,,,,,,,,,,,,,,,,,,,,,,,,,,,,,,,,,,,,,,,,,,,,,,,,,,,,,,,,,,,,,
